
  RooFitResult: minimized FCN value: -1.03431e+06, estimated distance to minimum: 0.00358682
                covariance matrix quality: Full matrix, but forced positive-definite
                Status : MIGRAD=4 HESSE=0 MINOS=0 

    Constant Parameter    Value     
  --------------------  ------------
              peakFail    9.1188e+01

    Floating Parameter  InitialValue    FinalValue (+HiError,-LoError)    GblCorr.
  --------------------  ------------  ----------------------------------  --------
              NbkgFail    1.8264e+03    4.9493e+03         +/-  1.72e+02  <none>
              NbkgPass    5.0000e+01    1.0865e+03         +/-  8.96e+01  <none>
                  Nsig    1.2385e+05    1.4877e+05         +/-  4.20e+02  <none>
              alfaFail    5.0000e+01    1.3488e+02         +/-  1.70e+01  <none>
              betaFail    5.0000e-02    2.3685e-02         +/-  3.47e-03  <none>
                   eff    8.0000e-01    9.1050e-01 (+1.28e-03,-1.18e-03)  <none>
             gammaFail    1.0000e-01    2.0478e-02         +/-  8.37e-03  <none>
              meanFail    0.0000e+00   -7.3037e-01         +/-  5.05e-02  <none>
              meanPass    0.0000e+00   -4.7573e-01         +/-  1.22e-02  <none>
             sigmaFail    2.0000e+00    9.4524e-01         +/-  2.46e-01  <none>
             sigmaPass    2.0000e+00    8.9067e-02         +/-  2.58e+00  <none>
                 tPass   -1.0000e-01   -1.7802e-09         +/-  5.56e-04  <none>


  Correlation Matrix
 --------------------
   1.0000   0.0020  -0.3353  -0.6143   0.7254   0.7254   0.1497  -0.1521  -0.0002  -0.6062  -0.0000   0.0003
   0.0020   1.0000   0.1772  -0.0015   0.0017   0.0393   0.0004  -0.0004  -0.0680  -0.0014   0.0004   0.1156
  -0.3353   0.1772   1.0000   0.2467  -0.2912  -0.2836  -0.0600   0.0611  -0.0140   0.2435   0.0001   0.0238
  -0.6143  -0.0015   0.2467   1.0000  -0.8553  -0.5337   0.3675   0.1059   0.0001   0.4357   0.0000  -0.0002
   0.7254   0.0017  -0.2912  -0.8553   1.0000   0.6301   0.1618  -0.1263  -0.0001  -0.5110  -0.0000   0.0002
   0.7254   0.0393  -0.2836  -0.5337   0.6301   1.0000   0.1300  -0.1322  -0.0031  -0.5267   0.0000   0.0053
   0.1497   0.0004  -0.0600   0.3675   0.1618   0.1300   1.0000  -0.0042  -0.0000  -0.1069   0.0000   0.0000
  -0.1521  -0.0004   0.0611   0.1059  -0.1263  -0.1322  -0.0042   1.0000   0.0000   0.1815   0.0000  -0.0000
  -0.0002  -0.0680  -0.0140   0.0001  -0.0001  -0.0031  -0.0000   0.0000   1.0000   0.0001   0.0006   0.0003
  -0.6062  -0.0014   0.2435   0.4357  -0.5110  -0.5267  -0.1069   0.1815   0.0001   1.0000   0.0000  -0.0002
  -0.0000   0.0004   0.0001   0.0000  -0.0000   0.0000   0.0000   0.0000   0.0006   0.0000   1.0000   0.0000
   0.0003   0.1156   0.0238  -0.0002   0.0002   0.0053   0.0000  -0.0000   0.0003  -0.0002   0.0000   1.0000
