
  RooFitResult: minimized FCN value: -4.68253e+06, estimated distance to minimum: 0.0147863
                covariance matrix quality: Full matrix, but forced positive-definite
                Status : MIGRAD=4 HESSE=0 MINOS=0 

    Constant Parameter    Value     
  --------------------  ------------
              peakFail    9.1188e+01

    Floating Parameter  InitialValue    FinalValue +/-  Error     GblCorr.
  --------------------  ------------  --------------------------  --------
              NbkgFail    6.6905e+03    7.2421e+03 +/-  1.52e+02  <none>
              NbkgPass    5.0000e+01    4.1597e+03 +/-  2.90e+02  <none>
                  Nsig    4.6673e+05    5.7200e+05 +/-  8.07e+02  <none>
              alfaFail    5.0000e+01    1.2467e+02 +/-  2.94e+00  <none>
              betaFail    5.0000e-02    8.2664e-02 +/-  2.11e-03  <none>
                   eff    8.0000e-01    8.9570e-01 +/-  4.49e-04  <none>
             gammaFail    1.0000e-01    8.1772e-01 +/-  1.25e-02  <none>
              meanFail    0.0000e+00   -8.5904e-01 +/-  3.22e-02  <none>
              meanPass    0.0000e+00   -4.9309e-01 +/-  5.90e-03  <none>
             sigmaFail    2.0000e+00    3.0539e+00 +/-  6.18e-02  <none>
             sigmaPass    2.0000e+00    2.0534e-02 +/-  4.76e-01  <none>
                 tPass   -1.0000e-01   -5.8841e-03 +/-  2.64e-03  <none>


  Correlation Matrix
 --------------------
   1.0000  -0.0027  -0.1232   0.3351  -0.3422   0.3606  -0.1569   0.3259  -0.0001  -0.3308  -0.0000  -0.0000
  -0.0027   1.0000  -0.3323  -0.0013   0.0014  -0.1134   0.0006  -0.0013   0.0472   0.0013  -0.0000   0.0100
  -0.1232  -0.3323   1.0000  -0.0598   0.0611  -0.0256   0.0281  -0.0584  -0.0165   0.0593   0.0000  -0.0034
   0.3351  -0.0013  -0.0598   1.0000  -0.9497   0.1754   0.1654   0.1936  -0.0001  -0.1557  -0.0000  -0.0000
  -0.3422   0.0014   0.0611  -0.9497   1.0000  -0.1792   0.1374  -0.1910   0.0001   0.1498   0.0000   0.0000
   0.3606  -0.1134  -0.0256   0.1754  -0.1792   1.0000  -0.0824   0.1710  -0.0056  -0.1736   0.0000  -0.0012
  -0.1569   0.0006   0.0281   0.1654   0.1374  -0.0824   1.0000  -0.0747   0.0000   0.0783  -0.0000   0.0000
   0.3259  -0.0013  -0.0584   0.1936  -0.1910   0.1710  -0.0747   1.0000  -0.0001  -0.2395  -0.0000  -0.0000
  -0.0001   0.0472  -0.0165  -0.0001   0.0001  -0.0056   0.0000  -0.0001   1.0000   0.0001  -0.0000  -0.0893
  -0.3308   0.0013   0.0593  -0.1557   0.1498  -0.1736   0.0783  -0.2395   0.0001   1.0000   0.0000   0.0000
  -0.0000  -0.0000   0.0000  -0.0000   0.0000   0.0000  -0.0000  -0.0000  -0.0000   0.0000   1.0000   0.0000
  -0.0000   0.0100  -0.0034  -0.0000   0.0000  -0.0012   0.0000  -0.0000  -0.0893   0.0000   0.0000   1.0000
