
  RooFitResult: minimized FCN value: -1082.22, estimated distance to minimum: 2.498e-06
                covariance matrix quality: Full, accurate covariance matrix
                Status : MIGRAD=0 HESSE=0 

    Constant Parameter    Value     
  --------------------  ------------
              peakFail    9.1188e+01

    Floating Parameter  InitialValue    FinalValue +/-  Error     GblCorr.
  --------------------  ------------  --------------------------  --------
              NbkgFail    3.5780e+01    3.5781e+01 +/-  6.67e+00  <none>
              NbkgPass    3.2679e+00    3.2704e+00 +/-  2.33e+00  <none>
                  Nsig    6.5997e+02    6.5995e+02 +/-  2.58e+01  <none>
              alfaFail    1.0718e+02    1.0716e+02 +/-  4.94e+00  <none>
              betaFail    1.6556e-01    1.6560e-01 +/-  2.17e-02  <none>
                   eff    9.9057e-01    9.9058e-01 +/-  6.42e-03  <none>
             gammaFail    9.9992e-01    1.0000e+00 +/-  9.80e-01  <none>
              meanFail    2.8410e+00    2.8386e+00 +/-  6.32e-01  <none>
              meanPass    6.2676e-01    6.2651e-01 +/-  1.48e-01  <none>
             sigmaFail    2.6933e-02    6.8120e-03 +/-  2.59e+00  <none>
             sigmaPass    8.6322e-01    8.6343e-01 +/-  2.63e-01  <none>
                 tPass   -6.8503e-01   -6.8474e-01 +/-  6.57e-01  <none>


  Correlation Matrix
 --------------------
   1.0000   0.0000  -0.0668   0.0114   0.0214   0.4057   0.0000   0.1000  -0.0000   0.0196  -0.0000   0.0000
   0.0000   1.0000  -0.0353  -0.0000   0.0000  -0.0020   0.0000   0.0000  -0.0020  -0.0000  -0.0242   0.1668
  -0.0668  -0.0353   1.0000  -0.0030  -0.0057  -0.1079  -0.0000  -0.0266   0.0002  -0.0052   0.0022  -0.0148
   0.0114  -0.0000  -0.0030   1.0000  -0.9861   0.0185  -0.0271  -0.1312   0.0000  -0.0090   0.0000  -0.0000
   0.0214   0.0000  -0.0057  -0.9861   1.0000   0.0345   0.0038   0.1326  -0.0000   0.0108  -0.0000   0.0000
   0.4057  -0.0020  -0.1079   0.0185   0.0345   1.0000   0.0001   0.1617   0.0000   0.0318   0.0001  -0.0009
   0.0000   0.0000  -0.0000  -0.0271   0.0038   0.0001   1.0000   0.0002  -0.0000   0.0000  -0.0000   0.0000
   0.1000   0.0000  -0.0266  -0.1312   0.1326   0.1617   0.0002   1.0000  -0.0000  -0.0261  -0.0000   0.0000
  -0.0000  -0.0020   0.0002   0.0000  -0.0000   0.0000  -0.0000  -0.0000   1.0000  -0.0000  -0.2975   0.0218
   0.0196  -0.0000  -0.0052  -0.0090   0.0108   0.0318   0.0000  -0.0261  -0.0000   1.0000   0.0000  -0.0000
  -0.0000  -0.0242   0.0022   0.0000  -0.0000   0.0001  -0.0000  -0.0000  -0.2975   0.0000   1.0000  -0.0617
   0.0000   0.1668  -0.0148  -0.0000   0.0000  -0.0009   0.0000   0.0000   0.0218  -0.0000  -0.0617   1.0000
