
  RooFitResult: minimized FCN value: -3.20995e+06, estimated distance to minimum: 0.0541126
                covariance matrix quality: Full matrix, but forced positive-definite
                Status : MIGRAD=4 HESSE=0 

    Constant Parameter    Value     
  --------------------  ------------
              peakFail    9.1188e+01

    Floating Parameter  InitialValue    FinalValue +/-  Error     GblCorr.
  --------------------  ------------  --------------------------  --------
              NbkgFail    4.7796e+03    4.7780e+03 +/-  4.45e+02  <none>
              NbkgPass    3.0039e+03    3.0050e+03 +/-  1.36e+02  <none>
                  Nsig    3.9526e+05    3.9526e+05 +/-  6.65e+02  <none>
              alfaFail    9.1072e+01    9.1483e+01 +/-  8.69e+00  <none>
              betaFail    2.5251e-02    2.5126e-02 +/-  6.34e-03  <none>
                   eff    9.5974e-01    9.5973e-01 +/-  9.97e-04  <none>
             gammaFail    5.4119e-04    7.1269e-04 +/-  5.98e-03  <none>
              meanFail   -1.2734e-01   -1.2658e-01 +/-  3.05e-02  <none>
              meanPass   -9.3581e-02   -9.3530e-02 +/-  4.92e-03  <none>
             sigmaFail    1.9421e-01    1.9754e-01 +/-  1.42e-01  <none>
             sigmaPass    1.2489e-01    1.2460e-01 +/-  1.90e-02  <none>
                 tPass   -8.7002e-11   -5.1995e-10 +/-  1.49e-04  <none>


  Correlation Matrix
 --------------------
   1.0000  -0.0046  -0.5649  -0.9627  -0.9592   0.9520  -0.9785  -0.4194  -0.0001  -0.7634   0.0003   0.0001
  -0.0046   1.0000  -0.1289   0.0045   0.0045  -0.0138   0.0046   0.0020   0.0252   0.0036  -0.0614  -0.0181
  -0.5649  -0.1289   1.0000   0.5552   0.5532  -0.5476   0.5643   0.2419  -0.0039   0.4403   0.0094   0.0028
  -0.9627   0.0045   0.5552   1.0000   0.9435  -0.9356   0.9806   0.4085   0.0001   0.7496  -0.0003  -0.0001
  -0.9592   0.0045   0.5532   0.9435   1.0000  -0.9322   0.9858   0.4146   0.0001   0.7434  -0.0003  -0.0001
   0.9520  -0.0138  -0.5476  -0.9356  -0.9322   1.0000  -0.9510  -0.4076  -0.0004  -0.7420   0.0010   0.0003
  -0.9785   0.0046   0.5643   0.9806   0.9858  -0.9510   1.0000   0.4246   0.0001   0.7596  -0.0003  -0.0001
  -0.4194   0.0020   0.2419   0.4085   0.4146  -0.4076   0.4246   1.0000   0.0001   0.4583  -0.0001  -0.0000
  -0.0001   0.0252  -0.0039   0.0001   0.0001  -0.0004   0.0001   0.0001   1.0000   0.0001   0.2586   0.0006
  -0.7634   0.0036   0.4403   0.7496   0.7434  -0.7420   0.7596   0.4583   0.0001   1.0000  -0.0003  -0.0001
   0.0003  -0.0614   0.0094  -0.0003  -0.0003   0.0010  -0.0003  -0.0001   0.2586  -0.0003   1.0000   0.0012
   0.0001  -0.0181   0.0028  -0.0001  -0.0001   0.0003  -0.0001  -0.0000   0.0006  -0.0001   0.0012   1.0000
