
  RooFitResult: minimized FCN value: -446920, estimated distance to minimum: 18773
                covariance matrix quality: Full matrix, but forced positive-definite
                Status : MIGRAD=4 HESSE=0 MINOS=0 

    Constant Parameter    Value     
  --------------------  ------------
              peakFail    9.1188e+01

    Floating Parameter  InitialValue    FinalValue +/-  Error     GblCorr.
  --------------------  ------------  --------------------------  --------
              NbkgFail    4.7607e+03    3.3575e+04 +/-  4.51e+00  <none>
              NbkgPass    5.0000e+01    2.7065e+03 +/-  2.51e+01  <none>
                  Nsig    6.8574e+04    4.9438e+04 +/-  5.29e+01  <none>
              alfaFail    5.1000e+01    5.0878e+01 +/-  4.16e-01  <none>
              betaFail    5.0000e-02    2.0000e-01 +/-  4.08e-03  <none>
                   eff    8.0000e-01    7.1610e-01 +/-  4.65e-04  <none>
             gammaFail    1.0000e-01    2.6419e-02 +/-  1.09e-05  <none>
              meanFail    0.0000e+00   -6.3592e-01 +/-  1.91e-02  <none>
              meanPass    0.0000e+00   -7.3819e-01 +/-  6.83e-04  <none>
             sigmaFail    2.0000e+00    1.0568e-01 +/-  7.79e-02  <none>
             sigmaPass    2.0000e+00    1.2421e-02 +/-  2.04e-05  <none>
                 tPass   -1.0000e-01   -3.7188e-02 +/-  4.81e-05  <none>


  Correlation Matrix
 --------------------
   1.0000  -0.0031  -0.0032  -0.0031  -0.0032  -0.0032  -0.0022  -0.0031  -0.0000   0.0000  -0.0032   0.0000
  -0.0031   1.0000   0.9899   0.9862   0.9909   0.9870   0.7027   0.9870   0.0001  -0.0000   0.9949  -0.0001
  -0.0032   0.9899   1.0000   0.9862   0.9909   0.9870   0.7027   0.9870   0.0001  -0.0000   0.9949  -0.0001
  -0.0031   0.9862   0.9862   1.0000   0.9872   0.9834   0.7001   0.9834   0.0001  -0.0000   0.9912  -0.0001
  -0.0032   0.9909   0.9909   0.9872   1.0000   0.9880   0.7035   0.9880   0.0001  -0.0000   0.9959  -0.0001
  -0.0032   0.9870   0.9870   0.9834   0.9880   1.0000   0.7007   0.9842   0.0001  -0.0000   0.9921  -0.0001
  -0.0022   0.7027   0.7027   0.7001   0.7035   0.7007   1.0000   0.7007   0.0001  -0.0000   0.7063  -0.0000
  -0.0031   0.9870   0.9870   0.9834   0.9880   0.9842   0.7007   1.0000   0.0001  -0.0000   0.9921  -0.0001
  -0.0000   0.0001   0.0001   0.0001   0.0001   0.0001   0.0001   0.0001   1.0000  -0.0000   0.0001   0.0001
   0.0000  -0.0000  -0.0000  -0.0000  -0.0000  -0.0000  -0.0000  -0.0000  -0.0000   1.0000  -0.0000   0.0000
  -0.0032   0.9949   0.9949   0.9912   0.9959   0.9921   0.7063   0.9921   0.0001  -0.0000   1.0000  -0.0001
   0.0000  -0.0001  -0.0001  -0.0001  -0.0001  -0.0001  -0.0000  -0.0001   0.0001   0.0000  -0.0001   1.0000
