
  RooFitResult: minimized FCN value: -1.17182e+07, estimated distance to minimum: 0.00302796
                covariance matrix quality: Full matrix, but forced positive-definite
                Status : MIGRAD=4 HESSE=0 MINOS=0 

    Constant Parameter    Value     
  --------------------  ------------
              peakFail    9.1188e+01

    Floating Parameter  InitialValue    FinalValue +/-  Error     GblCorr.
  --------------------  ------------  --------------------------  --------
              NbkgFail    6.1164e+03    6.0610e+03 +/-  9.52e+01  <none>
              NbkgPass    5.0000e+01    1.7419e+03 +/-  2.07e+03  <none>
                  Nsig    1.0039e+06    1.2471e+06 +/-  1.48e+03  <none>
              alfaFail    5.1000e+01    7.9968e+01 +/-  3.90e-01  <none>
              betaFail    5.0000e-02    3.5434e-02 +/-  1.55e-03  <none>
                   eff    8.0000e-01    9.5581e-01 +/-  1.52e-04  <none>
             gammaFail    1.0000e-01    3.4626e-07 +/-  2.03e-05  <none>
              meanFail    0.0000e+00   -2.5558e-01 +/-  1.10e-02  <none>
              meanPass    0.0000e+00   -1.5779e-01 +/-  2.19e-03  <none>
             sigmaFail    2.0000e+00    4.5151e-03 +/-  1.90e-02  <none>
             sigmaPass    2.0000e+00    3.2033e-02 +/-  3.44e-01  <none>
                 tPass   -1.0000e-01   -3.6406e-07 +/-  3.16e-02  <none>


  Correlation Matrix
 --------------------
   1.0000  -0.0016  -0.0228   0.2177   0.0730   0.1858  -0.2552   0.0079  -0.0002  -0.1154  -0.0000   0.0016
  -0.0016   1.0000  -0.8251  -0.0007  -0.0002  -0.2936   0.0008  -0.0001   0.1449   0.0004  -0.0035  -0.9983
  -0.0228  -0.8251   1.0000  -0.0099  -0.0033   0.2334   0.0116  -0.0003  -0.1196   0.0053   0.0029   0.8239
   0.2177  -0.0007  -0.0099   1.0000   0.2222   0.0808  -0.4867   0.0533  -0.0001  -0.0485   0.0000   0.0007
   0.0730  -0.0002  -0.0033   0.2222   1.0000   0.0270   0.3686   0.0125  -0.0000  -0.0198   0.0000   0.0002
   0.1858  -0.2936   0.2334   0.0808   0.0270   1.0000  -0.0948   0.0030  -0.0426  -0.0428   0.0010   0.2932
  -0.2552   0.0008   0.0116  -0.4867   0.3686  -0.0948   1.0000   0.0150   0.0001   0.0543   0.0000  -0.0008
   0.0079  -0.0001  -0.0003   0.0533   0.0125   0.0030   0.0150   1.0000  -0.0000   0.0832  -0.0002   0.0001
  -0.0002   0.1449  -0.1196  -0.0001  -0.0000  -0.0426   0.0001  -0.0000   1.0000   0.0001  -0.0017  -0.1437
  -0.1154   0.0004   0.0053  -0.0485  -0.0198  -0.0428   0.0543   0.0832   0.0001   1.0000  -0.0000  -0.0004
  -0.0000  -0.0035   0.0029   0.0000   0.0000   0.0010   0.0000  -0.0002  -0.0017  -0.0000   1.0000   0.0035
   0.0016  -0.9983   0.8239   0.0007   0.0002   0.2932  -0.0008   0.0001  -0.1437  -0.0004   0.0035   1.0000
