
  RooFitResult: minimized FCN value: -6.79858e+06, estimated distance to minimum: 3.08448e-05
                covariance matrix quality: Full, accurate covariance matrix
                Status : MIGRAD=4 HESSE=0 MINOS=0 

    Constant Parameter    Value     
  --------------------  ------------
              peakFail    9.1188e+01

    Floating Parameter  InitialValue    FinalValue (+HiError,-LoError)    GblCorr.
  --------------------  ------------  ----------------------------------  --------
              NbkgFail    8.8620e+03    2.7600e+04         +/-  2.82e+02  <none>
              NbkgPass    5.0000e+01    5.9295e+03         +/-  7.27e+02  <none>
                  Nsig    6.4938e+05    7.7820e+05         +/-  1.16e+03  <none>
              alfaFail    5.0000e+01    5.7208e+01         +/-  5.11e-01  <none>
              betaFail    5.0000e-02    2.0000e-01         +/-  1.07e-02  <none>
                   eff    8.0000e-01    9.2159e-01 (+3.85e-04,-3.94e-04)  <none>
             gammaFail    1.0000e-01    1.6655e-02         +/-  4.81e-04  <none>
              meanFail    0.0000e+00   -8.1859e-01         +/-  2.38e-02  <none>
              meanPass    0.0000e+00   -4.2303e-01         +/-  5.08e-03  <none>
             sigmaFail    2.0000e+00    3.2701e-01         +/-  9.80e-02  <none>
             sigmaPass    2.0000e+00    3.8167e-01         +/-  2.28e-02  <none>
                 tPass   -1.0000e-01   -9.7215e-04         +/-  1.30e-03  <none>


  Correlation Matrix
 --------------------
   1.0000  -0.0003  -0.1586   0.1429   0.0188   0.5285  -0.0055   0.0989   0.0000  -0.3157   0.0002   0.0003
  -0.0003   1.0000  -0.6174  -0.0000  -0.0000  -0.1752   0.0001  -0.0001  -0.0425   0.0001  -0.5150  -0.8671
  -0.1586  -0.6174   1.0000  -0.0347  -0.0046  -0.0189   0.0013  -0.0240   0.0265   0.0766   0.3216   0.5415
   0.1429  -0.0000  -0.0347   1.0000  -0.4657   0.1155   0.3650   0.0670  -0.0000  -0.0764   0.0000   0.0000
   0.0188  -0.0000  -0.0046  -0.4657   1.0000   0.0152   0.0422   0.0116   0.0000  -0.0122   0.0000   0.0000
   0.5285  -0.1752  -0.0189   0.1155   0.0152   1.0000  -0.0044   0.0799   0.0075  -0.2551   0.0912   0.1536
  -0.0055   0.0001   0.0013   0.3650   0.0422  -0.0044   1.0000   0.1569  -0.0000   0.0259  -0.0000  -0.0000
   0.0989  -0.0001  -0.0240   0.0670   0.0116   0.0799   0.1569   1.0000   0.0000  -0.1827   0.0000   0.0001
   0.0000  -0.0425   0.0265  -0.0000   0.0000   0.0075  -0.0000   0.0000   1.0000  -0.0000  -0.0441   0.0738
  -0.3157   0.0001   0.0766  -0.0764  -0.0122  -0.2551   0.0259  -0.1827  -0.0000   1.0000  -0.0001  -0.0001
   0.0002  -0.5150   0.3216   0.0000   0.0000   0.0912  -0.0000   0.0000  -0.0441  -0.0001   1.0000   0.4607
   0.0003  -0.8671   0.5415   0.0000   0.0000   0.1536  -0.0000   0.0001   0.0738  -0.0001   0.4607   1.0000
