
  RooFitResult: minimized FCN value: -3.28757e+06, estimated distance to minimum: 5.67581e-05
                covariance matrix quality: Full matrix, but forced positive-definite
                Status : MIGRAD=4 HESSE=0 MINOS=0 

    Constant Parameter    Value     
  --------------------  ------------
              peakFail    9.1188e+01

    Floating Parameter  InitialValue    FinalValue +/-  Error     GblCorr.
  --------------------  ------------  --------------------------  --------
              NbkgFail    4.4778e+03    6.9198e+03 +/-  1.12e+02  <none>
              NbkgPass    5.0000e+01    9.8416e+02 +/-  1.43e+03  <none>
                  Nsig    3.3301e+05    4.0836e+05 +/-  1.10e+03  <none>
              alfaFail    5.1000e+01    7.7428e+01 +/-  3.04e-01  <none>
              betaFail    5.0000e-02    7.8741e-02 +/-  1.95e-03  <none>
                   eff    8.0000e-01    9.0729e-01 +/-  4.59e-04  <none>
             gammaFail    1.0000e-01    2.1446e-02 +/-  1.01e-03  <none>
              meanFail    0.0000e+00   -7.6526e-01 +/-  1.96e-02  <none>
              meanPass    0.0000e+00   -5.5753e-01 +/-  5.44e-03  <none>
             sigmaFail    2.0000e+00    1.8113e-01 +/-  9.41e-02  <none>
             sigmaPass    2.0000e+00    3.5366e-01 +/-  6.29e-02  <none>
                 tPass   -1.0000e-01   -8.8344e-11 +/-  4.60e-02  <none>


  Correlation Matrix
 --------------------
   1.0000  -0.0011  -0.0442   0.1209   0.1739   0.2490   0.1925   0.0655   0.0000  -0.1850   0.0010   0.0011
  -0.0011   1.0000  -0.8825  -0.0008  -0.0006  -0.4931  -0.0011  -0.0003  -0.0088   0.0009  -0.9117  -0.9983
  -0.0442  -0.8825   1.0000  -0.0091  -0.0135   0.4152  -0.0147  -0.0050   0.0078   0.0142   0.8050   0.8815
   0.1209  -0.0008  -0.0091   1.0000  -0.3835   0.0544   0.4861  -0.0564   0.0000  -0.0155   0.0008   0.0008
   0.1739  -0.0006  -0.0135  -0.3835   1.0000   0.0778   0.1079   0.1067   0.0000  -0.0654   0.0006   0.0006
   0.2490  -0.4931   0.4152   0.0544   0.0778   1.0000   0.0864   0.0294   0.0044  -0.0829   0.4497   0.4925
   0.1925  -0.0011  -0.0147   0.4861   0.1079   0.0864   1.0000   0.1088   0.0000  -0.0587   0.0010   0.0011
   0.0655  -0.0003  -0.0050  -0.0564   0.1067   0.0294   0.1088   1.0000   0.0000  -0.0824   0.0003   0.0003
   0.0000  -0.0088   0.0078   0.0000   0.0000   0.0044   0.0000   0.0000   1.0000  -0.0000  -0.0032   0.0103
  -0.1850   0.0009   0.0142  -0.0155  -0.0654  -0.0829  -0.0587  -0.0824  -0.0000   1.0000  -0.0009  -0.0009
   0.0010  -0.9117   0.8050   0.0008   0.0006   0.4497   0.0010   0.0003  -0.0032  -0.0009   1.0000   0.9103
   0.0011  -0.9983   0.8815   0.0008   0.0006   0.4925   0.0011   0.0003   0.0103  -0.0009   0.9103   1.0000
