
  RooFitResult: minimized FCN value: -2.22093e+07, estimated distance to minimum: 0.122812
                covariance matrix quality: Full, accurate covariance matrix
                Status : MIGRAD=4 HESSE=0 

    Constant Parameter    Value     
  --------------------  ------------
              peakFail    9.1188e+01

    Floating Parameter  InitialValue    FinalValue +/-  Error     GblCorr.
  --------------------  ------------  --------------------------  --------
              NbkgFail    8.4027e+04    8.4044e+04 +/-  6.27e+02  <none>
              NbkgPass    1.8881e+04    1.8880e+04 +/-  6.12e+02  <none>
                  Nsig    2.2397e+06    2.2396e+06 +/-  1.70e+03  <none>
              alfaFail    4.5574e+01    4.5738e+01 +/-  3.80e+00  <none>
              betaFail    5.0511e-02    5.0789e-02 +/-  1.60e-02  <none>
                   eff    9.4293e-01    9.4294e-01 +/-  2.81e-04  <none>
             gammaFail    1.7455e-02    1.7484e-02 +/-  7.52e-04  <none>
              meanFail   -6.1899e-01   -6.1875e-01 +/-  1.73e-02  <none>
              meanPass   -4.1219e-01   -4.1219e-01 +/-  2.98e-03  <none>
             sigmaFail    2.9798e-02    2.5323e-02 +/-  2.06e-01  <none>
             sigmaPass    5.8827e-01    5.8824e-01 +/-  1.33e-02  <none>
                 tPass   -8.6623e-03   -8.6526e-03 +/-  1.23e-03  <none>


  Correlation Matrix
 --------------------
   1.0000  -0.0001  -0.2891  -0.3450  -0.5506   0.7382   0.6385   0.1832   0.0000  -0.3885   0.0000  -0.0000
  -0.0001   1.0000  -0.3411   0.0000   0.0000  -0.0527  -0.0001  -0.0000   0.0186   0.0000  -0.1826   0.0805
  -0.2891  -0.3411   1.0000   0.1269   0.2025  -0.2526  -0.2348  -0.0674  -0.0067   0.1429   0.0656  -0.0289
  -0.3450   0.0000   0.1269   1.0000   0.9182  -0.3240  -0.5470  -0.0273  -0.0000   0.1720  -0.0000   0.0000
  -0.5506   0.0000   0.2025   0.9182   1.0000  -0.5170  -0.8094  -0.1150  -0.0000   0.2690  -0.0000   0.0000
   0.7382  -0.0527  -0.2526  -0.3240  -0.5170   1.0000   0.5995   0.1720  -0.0010  -0.3648   0.0101  -0.0045
   0.6385  -0.0001  -0.2348  -0.5470  -0.8094   0.5995   1.0000   0.2375   0.0000  -0.2925   0.0000  -0.0000
   0.1832  -0.0000  -0.0674  -0.0273  -0.1150   0.1720   0.2375   1.0000  -0.0000  -0.0632   0.0000  -0.0000
   0.0000   0.0186  -0.0067  -0.0000  -0.0000  -0.0010   0.0000  -0.0000   1.0000  -0.0000   0.0033  -0.1124
  -0.3885   0.0000   0.1429   0.1720   0.2690  -0.3648  -0.2925  -0.0632  -0.0000   1.0000  -0.0000   0.0000
   0.0000  -0.1826   0.0656  -0.0000  -0.0000   0.0101   0.0000   0.0000   0.0033  -0.0000   1.0000  -0.0398
  -0.0000   0.0805  -0.0289   0.0000   0.0000  -0.0045  -0.0000  -0.0000  -0.1124   0.0000  -0.0398   1.0000
