
  RooFitResult: minimized FCN value: -1.04866e+07, estimated distance to minimum: 0.0480034
                covariance matrix quality: Full, accurate covariance matrix
                Status : MIGRAD=4 HESSE=0 MINOS=0 

    Constant Parameter    Value     
  --------------------  ------------
              peakFail    9.1188e+01

    Floating Parameter  InitialValue    FinalValue (+HiError,-LoError)    GblCorr.
  --------------------  ------------  ----------------------------------  --------
              NbkgFail    1.1244e+04    4.4603e+04         +/-  3.20e+02  <none>
              NbkgPass    5.0000e+01    1.2794e+04         +/-  4.38e+02  <none>
                  Nsig    9.5332e+05    1.1343e+06         +/-  1.17e+03  <none>
              alfaFail    5.0000e+01    5.7196e+01         +/-  4.06e-01  <none>
              betaFail    5.0000e-02    1.9997e-01         +/-  6.71e-03  <none>
                   eff    8.0000e-01    9.4019e-01 (+3.07e-04,-2.90e-04)  <none>
             gammaFail    1.0000e-01    1.6228e-02         +/-  3.68e-04  <none>
              meanFail    0.0000e+00   -4.5364e-01         +/-  2.24e-02  <none>
              meanPass    0.0000e+00   -1.7157e-01         +/-  4.14e-03  <none>
             sigmaFail    2.0000e+00    1.2630e-03         +/-  6.46e-01  <none>
             sigmaPass    2.0000e+00    6.4115e-01         +/-  1.37e-02  <none>
                 tPass   -1.0000e-01   -7.2748e-03         +/-  1.34e-03  <none>


  Correlation Matrix
 --------------------
   1.0000   0.0000  -0.1546   0.1417  -0.0037   0.5006  -0.0306   0.0946  -0.0000  -0.0819   0.0000   0.0000
   0.0000   1.0000   0.3494   0.0000  -0.0000   0.0719  -0.0000   0.0000  -0.0142  -0.0000   0.1638  -0.0948
  -0.1546   0.3494   1.0000  -0.0388   0.0010  -0.1100   0.0084  -0.0259  -0.0053   0.0224   0.0613  -0.0355
   0.1417   0.0000  -0.0388   1.0000  -0.4888   0.1255  -0.4353   0.1000  -0.0000  -0.0327   0.0000   0.0000
  -0.0037  -0.0000   0.0010  -0.4888   1.0000  -0.0032   0.0215  -0.0052  -0.0000   0.0019   0.0000   0.0000
   0.5006   0.0719  -0.1100   0.1255  -0.0032   1.0000  -0.0271   0.0838  -0.0011  -0.0725   0.0126  -0.0073
  -0.0306  -0.0000   0.0084  -0.4353   0.0215  -0.0271   1.0000  -0.1655  -0.0000   0.0179  -0.0000   0.0000
   0.0946   0.0000  -0.0259   0.1000  -0.0052   0.0838  -0.1655   1.0000  -0.0000  -0.1199   0.0000   0.0000
  -0.0000  -0.0142  -0.0053  -0.0000  -0.0000  -0.0011  -0.0000  -0.0000   1.0000   0.0000  -0.0327  -0.1142
  -0.0819  -0.0000   0.0224  -0.0327   0.0019  -0.0725   0.0179  -0.1199   0.0000   1.0000   0.0000  -0.0000
   0.0000   0.1638   0.0613   0.0000   0.0000   0.0126  -0.0000   0.0000  -0.0327   0.0000   1.0000  -0.0323
   0.0000  -0.0948  -0.0355   0.0000   0.0000  -0.0073   0.0000   0.0000  -0.1142  -0.0000  -0.0323   1.0000
