
  RooFitResult: minimized FCN value: -2.88118e+06, estimated distance to minimum: 0.399117
                covariance matrix quality: Full, accurate covariance matrix
                Status : MIGRAD=4 HESSE=0 

    Constant Parameter    Value     
  --------------------  ------------
              peakFail    9.1188e+01

    Floating Parameter  InitialValue    FinalValue +/-  Error     GblCorr.
  --------------------  ------------  --------------------------  --------
              NbkgFail    2.7147e+04    2.7192e+04 +/-  3.87e+02  <none>
              NbkgPass    5.2350e+03    5.2361e+03 +/-  3.09e+02  <none>
                  Nsig    3.6002e+05    3.5998e+05 +/-  7.57e+02  <none>
              alfaFail    5.8114e+01    5.8273e+01 +/-  8.80e-01  <none>
              betaFail    6.8600e-02    6.7328e-02 +/-  1.09e-02  <none>
                   eff    8.8127e-01    8.8136e-01 +/-  1.02e-03  <none>
             gammaFail    1.8626e-02    1.8861e-02 +/-  1.29e-03  <none>
              meanFail   -8.9267e-01   -8.9248e-01 +/-  3.45e-02  <none>
              meanPass   -5.2258e-01   -5.2295e-01 +/-  8.35e-03  <none>
             sigmaFail    2.8906e-01    3.4918e-01 +/-  1.93e-01  <none>
             sigmaPass    4.5699e-04    3.7706e-03 +/-  3.13e+00  <none>
                 tPass   -4.6099e-02   -4.6166e-02 +/-  3.47e-03  <none>


  Correlation Matrix
 --------------------
   1.0000  -0.0011  -0.4175   0.4690  -0.5241   0.7629   0.6491   0.2075  -0.0000  -0.2811  -0.0000  -0.0004
  -0.0011   1.0000  -0.3863  -0.0007   0.0008  -0.0957  -0.0009  -0.0003   0.0411   0.0004   0.0005   0.3542
  -0.4175  -0.3863   1.0000  -0.2392   0.2673  -0.3504  -0.3310  -0.1058  -0.0168   0.1434  -0.0002  -0.1445
   0.4690  -0.0007  -0.2392   1.0000  -0.1156   0.4372   0.6345   0.2204  -0.0000  -0.1770  -0.0000  -0.0003
  -0.5241   0.0008   0.2673  -0.1156   1.0000  -0.4886  -0.7609  -0.1398   0.0000   0.1765   0.0000   0.0003
   0.7629  -0.0957  -0.3504   0.4372  -0.4886   1.0000   0.6050   0.1934  -0.0042  -0.2620  -0.0001  -0.0358
   0.6491  -0.0009  -0.3310   0.6345  -0.7609   0.6050   1.0000   0.2808  -0.0000  -0.2259  -0.0000  -0.0003
   0.2075  -0.0003  -0.1058   0.2204  -0.1398   0.1934   0.2808   1.0000  -0.0000  -0.2193  -0.0000  -0.0001
  -0.0000   0.0411  -0.0168  -0.0000   0.0000  -0.0042  -0.0000  -0.0000   1.0000   0.0000   0.0023  -0.0683
  -0.2811   0.0004   0.1434  -0.1770   0.1765  -0.2620  -0.2259  -0.2193   0.0000   1.0000   0.0000   0.0001
  -0.0000   0.0005  -0.0002  -0.0000   0.0000  -0.0001  -0.0000  -0.0000   0.0023   0.0000   1.0000  -0.0008
  -0.0004   0.3542  -0.1445  -0.0003   0.0003  -0.0358  -0.0003  -0.0001  -0.0683   0.0001  -0.0008   1.0000
