
  RooFitResult: minimized FCN value: -8.79955e+06, estimated distance to minimum: 0.00277642
                covariance matrix quality: Full, accurate covariance matrix
                Status : MIGRAD=4 HESSE=0 MINOS=0 

    Constant Parameter    Value     
  --------------------  ------------
              peakFail    9.1188e+01

    Floating Parameter  InitialValue    FinalValue (+HiError,-LoError)    GblCorr.
  --------------------  ------------  ----------------------------------  --------
              NbkgFail    1.5774e+04    5.7331e+04         +/-  3.56e+02  <none>
              NbkgPass    5.0000e+01    1.3565e+04         +/-  4.06e+02  <none>
                  Nsig    8.3090e+05    9.6773e+05         +/-  1.09e+03  <none>
              alfaFail    5.0000e+01    5.7307e+01         +/-  3.35e-01  <none>
              betaFail    5.0000e-02    2.0000e-01         +/-  4.85e-03  <none>
                   eff    8.0000e-01    8.9625e-01 (+3.96e-04,-3.97e-04)  <none>
             gammaFail    1.0000e-01    1.9163e-02         +/-  3.38e-04  <none>
              meanFail    0.0000e+00   -1.0876e+00         +/-  1.86e-02  <none>
              meanPass    0.0000e+00   -7.3262e-01         +/-  4.88e-03  <none>
             sigmaFail    2.0000e+00    3.8210e-03         +/-  9.30e-01  <none>
             sigmaPass    2.0000e+00    2.3238e-01         +/-  7.26e-02  <none>
                 tPass   -1.0000e-01   -1.8249e-02         +/-  1.32e-03  <none>


  Correlation Matrix
 --------------------
   1.0000  -0.0012  -0.1770   0.0886   0.0007   0.4552  -0.1222   0.0166  -0.0000  -0.0205   0.0001  -0.0005
  -0.0012   1.0000  -0.3407  -0.0002  -0.0000  -0.1018   0.0003  -0.0000   0.0279   0.0000  -0.0742   0.4229
  -0.1770  -0.3407   1.0000  -0.0287  -0.0002  -0.1100   0.0395  -0.0054  -0.0104   0.0067   0.0275  -0.1563
   0.0886  -0.0002  -0.0287   1.0000  -0.5353   0.0738   0.4048   0.0809  -0.0000  -0.0054   0.0000  -0.0001
   0.0007  -0.0000  -0.0002  -0.5353   1.0000   0.0006  -0.0167  -0.0044  -0.0000  -0.0001   0.0000  -0.0000
   0.4552  -0.1018  -0.1100   0.0738   0.0006   1.0000  -0.1017   0.0138  -0.0031  -0.0171   0.0082  -0.0467
  -0.1222   0.0003   0.0395   0.4048  -0.0167  -0.1017   1.0000   0.1711   0.0000   0.0006  -0.0000   0.0001
   0.0166  -0.0000  -0.0054   0.0809  -0.0044   0.0138   0.1711   1.0000  -0.0000  -0.0279   0.0000  -0.0000
  -0.0000   0.0279  -0.0104  -0.0000  -0.0000  -0.0031   0.0000  -0.0000   1.0000   0.0000  -0.0129  -0.0831
  -0.0205   0.0000   0.0067  -0.0054  -0.0001  -0.0171   0.0006  -0.0279   0.0000   1.0000  -0.0000   0.0000
   0.0001  -0.0742   0.0275   0.0000   0.0000   0.0082  -0.0000   0.0000  -0.0129  -0.0000   1.0000  -0.0448
  -0.0005   0.4229  -0.1563  -0.0001  -0.0000  -0.0467   0.0001  -0.0000  -0.0831   0.0000  -0.0448   1.0000
