
  RooFitResult: minimized FCN value: -2.85025e+06, estimated distance to minimum: 0.115082
                covariance matrix quality: Full, accurate covariance matrix
                Status : MIGRAD=4 HESSE=0 MINOS=0 

    Constant Parameter    Value     
  --------------------  ------------
              peakFail    9.1188e+01

    Floating Parameter  InitialValue    FinalValue (+HiError,-LoError)    GblCorr.
  --------------------  ------------  ----------------------------------  --------
              NbkgFail    4.5180e+03    4.5996e+03         +/-  1.43e+02  <none>
              NbkgPass    5.0000e+01    2.2702e+03         +/-  2.41e+02  <none>
                  Nsig    3.0099e+05    3.6936e+05         +/-  6.64e+02  <none>
              alfaFail    5.0000e+01    1.1841e+02         +/-  3.94e+01  <none>
              betaFail    5.0000e-02    8.4354e-02         +/-  6.17e-03  <none>
                   eff    8.0000e-01    8.9014e-01 (+6.05e-04,-6.12e-04)  <none>
             gammaFail    1.0000e-01    7.5545e-01         +/-  7.69e-01  <none>
              meanFail    0.0000e+00   -9.5233e-01         +/-  4.06e-02  <none>
              meanPass    0.0000e+00   -5.4759e-01         +/-  7.62e-03  <none>
             sigmaFail    2.0000e+00    2.8242e+00         +/-  7.45e-02  <none>
             sigmaPass    2.0000e+00    1.0227e-01         +/-  2.93e-02  <none>
                 tPass   -1.0000e-01   -1.5441e-02         +/-  4.50e-03  <none>


  Correlation Matrix
 --------------------
   1.0000   0.0002  -0.1668   0.3421  -0.5598   0.4431   0.2726   0.4164   0.0000  -0.3922   0.0000   0.0004
   0.0002   1.0000   0.3485   0.0004  -0.0004   0.1147   0.0004   0.0001  -0.0395  -0.0001   0.1407  -0.4035
  -0.1668   0.3485   1.0000  -0.0750   0.1213  -0.0539  -0.0600  -0.0898  -0.0143   0.0845   0.0510  -0.1464
   0.3421   0.0004  -0.0750   1.0000  -0.7719   0.1958   0.9909   0.2215   0.0001  -0.1878   0.0000   0.0012
  -0.5598  -0.0004   0.1213  -0.7719   1.0000  -0.3205  -0.6795  -0.3514  -0.0001   0.2936  -0.0000  -0.0009
   0.4431   0.1147  -0.0539   0.1958  -0.3205   1.0000   0.1560   0.2383  -0.0047  -0.2245   0.0168  -0.0479
   0.2726   0.0004  -0.0600   0.9909  -0.6795   0.1560   1.0000   0.1787   0.0001  -0.1517   0.0000   0.0012
   0.4164   0.0001  -0.0898   0.2215  -0.3514   0.2383   0.1787   1.0000   0.0000  -0.3031   0.0000   0.0002
   0.0000  -0.0395  -0.0143   0.0001  -0.0001  -0.0047   0.0001   0.0000   1.0000  -0.0000  -0.0969  -0.0813
  -0.3922  -0.0001   0.0845  -0.1878   0.2936  -0.2245  -0.1517  -0.3031  -0.0000   1.0000  -0.0000  -0.0002
   0.0000   0.1407   0.0510   0.0000  -0.0000   0.0168   0.0000   0.0000  -0.0969  -0.0000   1.0000  -0.0693
   0.0004  -0.4035  -0.1464   0.0012  -0.0009  -0.0479   0.0012   0.0002  -0.0813  -0.0002  -0.0693   1.0000
