
  RooFitResult: minimized FCN value: -1.03504e+06, estimated distance to minimum: 0.000419646
                covariance matrix quality: Full, accurate covariance matrix
                Status : MIGRAD=0 HESSE=0 MINOS=0 

    Constant Parameter    Value     
  --------------------  ------------
              peakFail    9.1188e+01

    Floating Parameter  InitialValue    FinalValue (+HiError,-LoError)    GblCorr.
  --------------------  ------------  ----------------------------------  --------
              NbkgFail    1.8273e+03    5.6837e+03         +/-  1.32e+02  <none>
              NbkgPass    5.0000e+01    1.0970e+03         +/-  9.06e+01  <none>
                  Nsig    1.2393e+05    1.4813e+05         +/-  4.09e+02  <none>
              alfaFail    5.1000e+01    8.0000e+01         +/-  3.73e-02  <none>
              betaFail    5.0000e-02    5.6777e-02         +/-  2.25e-03  <none>
                   eff    8.0000e-01    9.1501e-01 (+9.84e-04,-9.86e-04)  <none>
             gammaFail    1.0000e-01    1.9723e-10         +/-  6.74e-05  <none>
              meanFail    0.0000e+00   -6.0286e-01         +/-  1.18e-03  <none>
              meanPass    0.0000e+00   -4.7559e-01         +/-  1.24e-02  <none>
             sigmaFail    2.0000e+00    3.4287e-05         +/-  4.07e+00  <none>
             sigmaPass    2.0000e+00    5.1543e-02         +/-  5.59e-02  <none>
                 tPass   -1.0000e-01   -9.5143e-10         +/-  5.65e-04  <none>


  Correlation Matrix
 --------------------
   1.0000  -0.0000  -0.2165  -0.0003   0.3484   0.5545   0.0019   0.0015  -0.0000  -0.0414   0.0000   0.0000
  -0.0000   1.0000  -0.1922   0.0000   0.0000  -0.0457  -0.0000  -0.0000   0.0604   0.0000  -0.0968  -0.0242
  -0.2165  -0.1922   1.0000   0.0001  -0.1123  -0.1685  -0.0006  -0.0005  -0.0134   0.0134   0.0215   0.0054
  -0.0003   0.0000   0.0001   1.0000   0.0049  -0.0002  -0.0001   0.0001  -0.0000  -0.0000  -0.0000   0.0000
   0.3484   0.0000  -0.1123   0.0049   1.0000   0.2875   0.0051   0.0020  -0.0000  -0.0187   0.0000  -0.0000
   0.5545  -0.0457  -0.1685  -0.0002   0.2875   1.0000   0.0016   0.0012  -0.0032  -0.0342   0.0051   0.0013
   0.0019  -0.0000  -0.0006  -0.0001   0.0051   0.0016   1.0000   0.0001  -0.0000  -0.0001   0.0000   0.0000
   0.0015  -0.0000  -0.0005   0.0001   0.0020   0.0012   0.0001   1.0000  -0.0000   0.0016   0.0000   0.0000
  -0.0000   0.0604  -0.0134  -0.0000  -0.0000  -0.0032  -0.0000  -0.0000   1.0000   0.0000   0.0907   0.0002
  -0.0414   0.0000   0.0134  -0.0000  -0.0187  -0.0342  -0.0001   0.0016   0.0000   1.0000  -0.0000  -0.0000
   0.0000  -0.0968   0.0215  -0.0000   0.0000   0.0051   0.0000   0.0000   0.0907  -0.0000   1.0000   0.0023
   0.0000  -0.0242   0.0054   0.0000  -0.0000   0.0013   0.0000   0.0000   0.0002  -0.0000   0.0023   1.0000
