
  RooFitResult: minimized FCN value: -9.27328e+06, estimated distance to minimum: 0.000337278
                covariance matrix quality: Full, accurate covariance matrix
                Status : MIGRAD=4 HESSE=0 MINOS=0 

    Constant Parameter    Value     
  --------------------  ------------
              peakFail    9.1188e+01

    Floating Parameter  InitialValue    FinalValue (+HiError,-LoError)    GblCorr.
  --------------------  ------------  ----------------------------------  --------
              NbkgFail    9.5705e+03    3.9957e+04         +/-  3.82e+02  <none>
              NbkgPass    5.0000e+01    1.0842e+04         +/-  4.18e+02  <none>
                  Nsig    8.5200e+05    1.0142e+06         +/-  1.13e+03  <none>
              alfaFail    5.0000e+01    4.6208e+01         +/-  3.69e+00  <none>
              betaFail    5.0000e-02    4.8062e-02         +/-  1.31e-02  <none>
                   eff    8.0000e-01    9.4503e-01 (+4.14e-04,-3.83e-04)  <none>
             gammaFail    1.0000e-01    1.8446e-02         +/-  8.57e-04  <none>
              meanFail    0.0000e+00   -3.1114e-01         +/-  2.51e-02  <none>
              meanPass    0.0000e+00   -8.9840e-02         +/-  4.32e-03  <none>
             sigmaFail    2.0000e+00    6.6664e-01         +/-  1.08e-01  <none>
             sigmaPass    2.0000e+00    6.1559e-01         +/-  1.36e-02  <none>
                 tPass   -1.0000e-01   -1.2253e-02         +/-  1.54e-03  <none>


  Correlation Matrix
 --------------------
   1.0000  -0.0000  -0.2452  -0.0087  -0.3482   0.6826   0.4967   0.1262  -0.0000  -0.4435   0.0000   0.0001
  -0.0000   1.0000   0.3463   0.0000   0.0001   0.0560  -0.0001  -0.0000  -0.0141   0.0000   0.1610  -0.2474
  -0.2452   0.3463   1.0000   0.0029   0.1175  -0.2096  -0.1676  -0.0426  -0.0052   0.1497   0.0594  -0.0912
  -0.0087   0.0000   0.0029   1.0000   0.8104  -0.0082  -0.0865   0.0831  -0.0000   0.0068   0.0000   0.0000
  -0.3482   0.0001   0.1175   0.8104   1.0000  -0.3270  -0.6043  -0.0386   0.0000   0.2118  -0.0000  -0.0001
   0.6826   0.0560  -0.2096  -0.0082  -0.3270   1.0000   0.4665   0.1186  -0.0009  -0.4165   0.0097  -0.0147
   0.4967  -0.0001  -0.1676  -0.0865  -0.6043   0.4665   1.0000   0.2152  -0.0000  -0.2841   0.0001   0.0002
   0.1262  -0.0000  -0.0426   0.0831  -0.0386   0.1186   0.2152   1.0000  -0.0000  -0.0820   0.0000   0.0001
  -0.0000  -0.0141  -0.0052  -0.0000   0.0000  -0.0009  -0.0000  -0.0000   1.0000   0.0000  -0.0577  -0.1052
  -0.4435   0.0000   0.1497   0.0068   0.2118  -0.4165  -0.2841  -0.0820   0.0000   1.0000  -0.0000  -0.0000
   0.0000   0.1610   0.0594   0.0000  -0.0000   0.0097   0.0001   0.0000  -0.0577  -0.0000   1.0000  -0.0536
   0.0001  -0.2474  -0.0912   0.0000  -0.0001  -0.0147   0.0002   0.0001  -0.1052  -0.0000  -0.0536   1.0000
