
  RooFitResult: minimized FCN value: -8.84031e+06, estimated distance to minimum: 6.1787e+13
                covariance matrix quality: Full matrix, but forced positive-definite
                Status : MIGRAD=4 HESSE=0 MINOS=0 

    Constant Parameter    Value     
  --------------------  ------------
              peakFail    9.1188e+01

    Floating Parameter  InitialValue    FinalValue (+HiError,-LoError)    GblCorr.
  --------------------  ------------  ----------------------------------  --------
              NbkgFail    1.0672e+04    3.5904e+04         +/-  1.44e+02  <none>
              NbkgPass    5.0000e+01    9.3124e+03         +/-  1.85e+02  <none>
                  Nsig    8.2016e+05    9.8006e+05         +/-  4.89e+02  <none>
              alfaFail    5.0000e+01    3.4095e+01         +/-  8.25e+00  <none>
              betaFail    5.0000e-02    3.1977e-02         +/-  2.12e-02  <none>
                   eff    8.0000e-01    9.2790e-01 (+1.85e-04,-5.77e-04)  <none>
             gammaFail    1.0000e-01    1.7566e-02         +/-  1.81e-03  <none>
              meanFail    0.0000e+00   -6.5429e-01         +/-  1.50e-02  <none>
              meanPass    0.0000e+00   -3.3711e-01         +/-  2.17e-03  <none>
             sigmaFail    2.0000e+00    1.3017e-02         +/-  3.74e-02  <none>
             sigmaPass    2.0000e+00    4.7786e-01         +/-  9.07e-03  <none>
                 tPass   -1.0000e-01   -7.2264e-05         +/-  6.34e-05  <none>


  Correlation Matrix
 --------------------
   1.0000  -0.0012  -0.0733   0.4956  -0.4966   0.2634   0.4927  -0.3522   0.0000  -0.0620   0.0001   0.0004
  -0.0012   1.0000  -0.0854  -0.0016   0.0016  -0.0244  -0.0016   0.0011  -0.0037   0.0002  -0.0397  -0.2464
  -0.0733  -0.0854   1.0000  -0.0957   0.0959  -0.0485  -0.0952   0.0680   0.0004   0.0120   0.0044   0.0271
   0.4956  -0.0016  -0.0957   1.0000  -0.9987   0.3455   0.9949  -0.7228   0.0000  -0.1052   0.0001   0.0005
  -0.4966   0.0016   0.0959  -0.9987   1.0000  -0.3462  -0.9947   0.7225  -0.0000   0.1053  -0.0001  -0.0005
   0.2634  -0.0244  -0.0485   0.3455  -0.3462   1.0000   0.3435  -0.2455   0.0001  -0.0432   0.0012   0.0077
   0.4927  -0.0016  -0.0952   0.9949  -0.9947   0.3435   1.0000  -0.7171   0.0000  -0.1045   0.0001   0.0005
  -0.3522   0.0011   0.0680  -0.7228   0.7225  -0.2455  -0.7171   1.0000  -0.0000   0.0493  -0.0001  -0.0004
   0.0000  -0.0037   0.0004   0.0000  -0.0000   0.0001   0.0000  -0.0000   1.0000  -0.0000   0.0196   0.0208
  -0.0620   0.0002   0.0120  -0.1052   0.1053  -0.0432  -0.1045   0.0493  -0.0000   1.0000  -0.0000  -0.0001
   0.0001  -0.0397   0.0044   0.0001  -0.0001   0.0012   0.0001  -0.0001   0.0196  -0.0000   1.0000   0.0181
   0.0004  -0.2464   0.0271   0.0005  -0.0005   0.0077   0.0005  -0.0004   0.0208  -0.0001   0.0181   1.0000
