
  RooFitResult: minimized FCN value: -106562, estimated distance to minimum: 0.000252114
                covariance matrix quality: Full matrix, but forced positive-definite
                Status : MIGRAD=0 HESSE=0 MINOS=0 

    Constant Parameter    Value     
  --------------------  ------------
              peakFail    9.1188e+01

    Floating Parameter  InitialValue    FinalValue (+HiError,-LoError)    GblCorr.
  --------------------  ------------  ----------------------------------  --------
              NbkgFail    1.4180e+02    2.8194e+02         +/-  1.96e+02  <none>
              NbkgPass    5.0000e+01    9.3414e+01         +/-  5.40e+01  <none>
                  Nsig    1.7911e+04    2.2015e+04         +/-  2.53e+02  <none>
              alfaFail    5.0000e+01    2.0000e+02         +/-  1.89e+02  <none>
              betaFail    5.0000e-02    8.1414e-03         +/-  9.88e-03  <none>
                   eff    8.0000e-01    9.4840e-01 (+1.82e-03,-1.85e-03)  <none>
             gammaFail    1.0000e-01    6.6380e-08         +/-  8.88e-02  <none>
              meanFail    0.0000e+00    1.1890e-01         +/-  3.19e-01  <none>
              meanPass    0.0000e+00    1.5626e-01         +/-  3.79e-02  <none>
             sigmaFail    2.0000e+00    1.5161e+00         +/-  7.26e-01  <none>
             sigmaPass    2.0000e+00    1.2415e+00         +/-  1.04e-01  <none>
                 tPass   -1.0000e-01   -3.8190e-02         +/-  3.55e-02  <none>


  Correlation Matrix
 --------------------
   1.0000  -0.0004  -0.7811   0.7605  -0.9705   0.9816  -0.9889  -0.7428   0.0002  -0.9122   0.0007   0.0007
  -0.0004   1.0000  -0.2056  -0.0002   0.0004  -0.0144   0.0004   0.0003   0.0827   0.0004  -0.2122  -0.9055
  -0.7811  -0.2056   1.0000  -0.5983   0.7634  -0.7692   0.7779   0.5843  -0.0178   0.7176   0.0446   0.1921
   0.7605  -0.0002  -0.5983   1.0000  -0.6673   0.7518  -0.7693  -0.5571   0.0002  -0.6997   0.0005   0.0004
  -0.9705   0.0004   0.7634  -0.6673   1.0000  -0.9594   0.9837   0.7174  -0.0002   0.8938  -0.0008  -0.0007
   0.9816  -0.0144  -0.7692   0.7518  -0.9594   1.0000  -0.9776  -0.7344  -0.0010  -0.9018   0.0038   0.0138
  -0.9889   0.0004   0.7779  -0.7693   0.9837  -0.9776   1.0000   0.7421  -0.0002   0.9090  -0.0008  -0.0007
  -0.7428   0.0003   0.5843  -0.5571   0.7174  -0.7344   0.7421   1.0000  -0.0002   0.7105  -0.0006  -0.0005
   0.0002   0.0827  -0.0178   0.0002  -0.0002  -0.0010  -0.0002  -0.0002   1.0000  -0.0002   0.0082  -0.0504
  -0.9122   0.0004   0.7176  -0.6997   0.8938  -0.9018   0.9090   0.7105  -0.0002   1.0000  -0.0007  -0.0006
   0.0007  -0.2122   0.0446   0.0005  -0.0008   0.0038  -0.0008  -0.0006   0.0082  -0.0007   1.0000   0.1815
   0.0007  -0.9055   0.1921   0.0004  -0.0007   0.0138  -0.0007  -0.0005  -0.0504  -0.0006   0.1815   1.0000
