
  RooFitResult: minimized FCN value: -1.84118e+06, estimated distance to minimum: 0.426953
                covariance matrix quality: Full, accurate covariance matrix
                Status : MIGRAD=4 HESSE=0 MINOS=0 

    Constant Parameter    Value     
  --------------------  ------------
              peakFail    9.1188e+01

    Floating Parameter  InitialValue    FinalValue (+HiError,-LoError)    GblCorr.
  --------------------  ------------  ----------------------------------  --------
              NbkgFail    5.0186e+03    2.4167e+04         +/-  2.77e+02  <none>
              NbkgPass    5.0000e+01    5.3530e+03         +/-  2.97e+02  <none>
                  Nsig    2.1483e+05    2.3900e+05         +/-  6.12e+02  <none>
              alfaFail    5.1000e+01    5.9545e+01         +/-  2.43e-01  <none>
              betaFail    5.0000e-02    1.9207e-01         +/-  1.54e-02  <none>
                   eff    8.0000e-01    8.9103e-01 (+1.21e-03,-1.62e-03)  <none>
             gammaFail    1.0000e-01    3.2779e-02         +/-  5.75e-04  <none>
              meanFail    0.0000e+00   -1.0263e+00         +/-  5.44e-02  <none>
              meanPass    0.0000e+00   -6.5057e-01         +/-  1.18e-02  <none>
             sigmaFail    2.0000e+00    7.0322e-01         +/-  1.96e-01  <none>
             sigmaPass    2.0000e+00    9.2905e-01         +/-  3.97e-02  <none>
                 tPass   -1.0000e-01   -3.9677e-02         +/-  2.17e-03  <none>


  Correlation Matrix
 --------------------
   1.0000  -0.0023   0.3111  -0.2086  -0.0766   0.6574   0.1077   0.1218   0.0003   0.1771  -0.0005  -0.0002
  -0.0023   1.0000  -0.4558   0.0007   0.0002   0.1152  -0.0004  -0.0004  -0.1067  -0.0006   0.2241   0.0841
   0.3111  -0.4558   1.0000  -0.0950  -0.0349   0.2425   0.0491   0.0555   0.0518   0.0807  -0.1088  -0.0409
  -0.2086   0.0007  -0.0950   1.0000  -0.2505  -0.2007  -0.4571  -0.0900  -0.0001  -0.0446   0.0002   0.0001
  -0.0766   0.0002  -0.0349  -0.2505   1.0000  -0.0737  -0.1530  -0.0332  -0.0000  -0.0268   0.0001   0.0000
   0.6574   0.1152   0.2425  -0.2007  -0.0737   1.0000   0.1037   0.1172  -0.0131   0.1704   0.0275   0.0103
   0.1077  -0.0004   0.0491  -0.4571  -0.1530   0.1037   1.0000   0.2439   0.0000   0.0236  -0.0001  -0.0000
   0.1218  -0.0004   0.0555  -0.0900  -0.0332   0.1172   0.2439   1.0000   0.0000   0.1757  -0.0001  -0.0000
   0.0003  -0.1067   0.0518  -0.0001  -0.0000  -0.0131   0.0000   0.0000   1.0000   0.0001  -0.2880  -0.1048
   0.1771  -0.0006   0.0807  -0.0446  -0.0268   0.1704   0.0236   0.1757   0.0001   1.0000  -0.0001  -0.0001
  -0.0005   0.2241  -0.1088   0.0002   0.0001   0.0275  -0.0001  -0.0001  -0.2880  -0.0001   1.0000  -0.0491
  -0.0002   0.0841  -0.0409   0.0001   0.0000   0.0103  -0.0000  -0.0000  -0.1048  -0.0001  -0.0491   1.0000
