
  RooFitResult: minimized FCN value: -644552, estimated distance to minimum: 0.00347027
                covariance matrix quality: Full, accurate covariance matrix
                Status : MIGRAD=4 HESSE=0 MINOS=0 

    Constant Parameter    Value     
  --------------------  ------------
              peakFail    9.1188e+01

    Floating Parameter  InitialValue    FinalValue (+HiError,-LoError)    GblCorr.
  --------------------  ------------  ----------------------------------  --------
              NbkgFail    6.5994e+03    1.4617e+04         +/-  2.63e+02  <none>
              NbkgPass    5.0000e+01    2.6077e+03         +/-  1.44e+02  <none>
                  Nsig    9.2439e+04    9.8324e+04         +/-  4.13e+02  <none>
              alfaFail    5.0000e+01    1.2771e+02         +/-  4.53e+00  <none>
              betaFail    5.0000e-02    7.6450e-02         +/-  2.71e-03  <none>
                   eff    8.0000e-01    4.7747e-01 (+2.09e-03,-2.06e-03)  <none>
             gammaFail    1.0000e-01    7.6063e-01         +/-  8.16e-02  <none>
              meanFail    0.0000e+00   -6.0174e-01         +/-  6.70e-02  <none>
              meanPass    0.0000e+00   -5.0685e-01         +/-  2.24e-02  <none>
             sigmaFail    2.0000e+00    5.0000e+00         +/-  8.97e-04  <none>
             sigmaPass    2.0000e+00    4.3378e-02         +/-  5.75e-02  <none>
                 tPass   -1.0000e-01   -3.4020e-02         +/-  2.33e-03  <none>


  Correlation Matrix
 --------------------
   1.0000  -0.0002  -0.5008  -0.1622  -0.5050  -0.4829  -0.4128   0.3819  -0.0000  -0.0003  -0.0000  -0.0000
  -0.0002   1.0000   0.3052   0.0003   0.0004  -0.3217   0.0004  -0.0002   0.0350   0.0000  -0.0000  -0.1742
  -0.5008   0.3052   1.0000   0.1032   0.3210   0.1947   0.2625  -0.2427   0.0122   0.0002  -0.0000  -0.0607
  -0.1622   0.0003   0.1032   1.0000   0.3364   0.0994   0.8287  -0.1464   0.0000   0.0000   0.0000   0.0001
  -0.5050   0.0004   0.3210   0.3364   1.0000   0.3094   0.8050  -0.4068   0.0000   0.0001   0.0000   0.0001
  -0.4829  -0.3217   0.1947   0.0994   0.3094   1.0000   0.2529  -0.2340  -0.0129   0.0002   0.0000   0.0641
  -0.4128   0.0004   0.2625   0.8287   0.8050   0.2529   1.0000  -0.3401   0.0000   0.0001   0.0000   0.0001
   0.3819  -0.0002  -0.2427  -0.1464  -0.4068  -0.2340  -0.3401   1.0000  -0.0000  -0.0004  -0.0000  -0.0000
  -0.0000   0.0350   0.0122   0.0000   0.0000  -0.0129   0.0000  -0.0000   1.0000   0.0000  -0.0000  -0.0824
  -0.0003   0.0000   0.0002   0.0000   0.0001   0.0002   0.0001  -0.0004   0.0000   1.0000   0.0000   0.0000
  -0.0000  -0.0000  -0.0000   0.0000   0.0000   0.0000   0.0000  -0.0000  -0.0000   0.0000   1.0000   0.0000
  -0.0000  -0.1742  -0.0607   0.0001   0.0001   0.0641   0.0001  -0.0000  -0.0824   0.0000   0.0000   1.0000
