
  RooFitResult: minimized FCN value: -1.39991e+06, estimated distance to minimum: 0.00232278
                covariance matrix quality: Full matrix, but forced positive-definite
                Status : MIGRAD=4 HESSE=0 

    Constant Parameter    Value     
  --------------------  ------------
              peakFail    9.1188e+01

    Floating Parameter  InitialValue    FinalValue +/-  Error     GblCorr.
  --------------------  ------------  --------------------------  --------
              NbkgFail    5.8948e+03    5.8525e+03 +/-  1.22e+02  <none>
              NbkgPass    1.7508e+03    1.8994e+03 +/-  8.46e+01  <none>
                  Nsig    1.9894e+05    1.9888e+05 +/-  2.12e+02  <none>
              alfaFail    3.2783e+01    3.4484e+01 +/-  1.10e+01  <none>
              betaFail    1.9982e-01    1.0865e-01 +/-  1.19e-01  <none>
                   eff    9.3032e-01    9.2986e-01 +/-  4.56e-04  <none>
             gammaFail    1.5195e-02    1.5080e-02 +/-  7.91e-04  <none>
              meanFail    2.4327e-01    2.3357e-01 +/-  8.23e-02  <none>
              meanPass   -2.4381e-01   -2.3884e-01 +/-  6.63e-03  <none>
             sigmaFail    1.0288e+00    1.1050e+00 +/-  1.21e-01  <none>
             sigmaPass    1.2956e+00    1.2865e+00 +/-  1.91e-02  <none>
                 tPass   -1.3526e-03   -6.3226e-03 +/-  1.91e-03  <none>


  Correlation Matrix
 --------------------
   1.0000  -0.0052  -0.2773  -0.9059   0.9048   0.7281  -0.7573   0.8124  -0.0000  -0.6241   0.0003   0.0005
  -0.0052   1.0000  -0.0759   0.0055  -0.0055  -0.0197   0.0046  -0.0049   0.0055   0.0038  -0.0523  -0.0726
  -0.2773  -0.0759   1.0000   0.2925  -0.2922  -0.2336   0.2445  -0.2624  -0.0005   0.2016   0.0050   0.0069
  -0.9059   0.0055   0.2925   1.0000  -0.9988  -0.7682   0.8432  -0.8962   0.0000   0.6760  -0.0004  -0.0005
   0.9048  -0.0055  -0.2922  -0.9988   1.0000   0.7672  -0.8421   0.8951  -0.0000  -0.6752   0.0004   0.0005
   0.7281  -0.0197  -0.2336  -0.7682   0.7672   1.0000  -0.6421   0.6889  -0.0001  -0.5292   0.0013   0.0018
  -0.7573   0.0046   0.2445   0.8432  -0.8421  -0.6421   1.0000  -0.7408   0.0000   0.5713  -0.0003  -0.0004
   0.8124  -0.0049  -0.2624  -0.8962   0.8951   0.6889  -0.7408   1.0000  -0.0000  -0.6138   0.0003   0.0004
  -0.0000   0.0055  -0.0005   0.0000  -0.0000  -0.0001   0.0000  -0.0000   1.0000   0.0000  -0.0524  -0.0381
  -0.6241   0.0038   0.2016   0.6760  -0.6752  -0.5292   0.5713  -0.6138   0.0000   1.0000  -0.0003  -0.0003
   0.0003  -0.0523   0.0050  -0.0004   0.0004   0.0013  -0.0003   0.0003  -0.0524  -0.0003   1.0000   0.0014
   0.0005  -0.0726   0.0069  -0.0005   0.0005   0.0018  -0.0004   0.0004  -0.0381  -0.0003   0.0014   1.0000
