
  RooFitResult: minimized FCN value: -2.88118e+06, estimated distance to minimum: 15.6799
                covariance matrix quality: Full, accurate covariance matrix
                Status : MIGRAD=4 HESSE=0 MINOS=0 

    Constant Parameter    Value     
  --------------------  ------------
              peakFail    9.1188e+01

    Floating Parameter  InitialValue    FinalValue (+HiError,-LoError)    GblCorr.
  --------------------  ------------  ----------------------------------  --------
              NbkgFail    6.9900e+03    2.7193e+04         +/-  3.69e+02  <none>
              NbkgPass    5.0000e+01    5.2357e+03         +/-  3.13e+02  <none>
                  Nsig    3.1393e+05    3.5998e+05         +/-  7.49e+02  <none>
              alfaFail    5.0000e+01    5.8229e+01         +/-  8.42e-01  <none>
              betaFail    5.0000e-02    6.7186e-02         +/-  1.13e-02  <none>
                   eff    8.0000e-01    8.8136e-01 (+9.84e-04,-9.67e-04)  <none>
             gammaFail    1.0000e-01    1.8837e-02         +/-  1.25e-03  <none>
              meanFail    0.0000e+00   -8.9229e-01         +/-  3.37e-02  <none>
              meanPass    0.0000e+00   -5.2285e-01         +/-  8.50e-03  <none>
             sigmaFail    2.0000e+00    3.5688e-01         +/-  2.22e-01  <none>
             sigmaPass    2.0000e+00    2.3851e-02         +/-  2.27e-02  <none>
                 tPass   -1.0000e-01   -4.6156e-02         +/-  3.50e-03  <none>


  Correlation Matrix
 --------------------
   1.0000  -0.0000  -0.3947   0.4033  -0.4993   0.7409   0.6202   0.1466  -0.0000  -0.0797  -0.0000   0.0002
  -0.0000   1.0000  -0.3952  -0.0008  -0.0008  -0.1000   0.0002  -0.0001   0.0545   0.0000  -0.0839   0.3781
  -0.3947  -0.3952   1.0000  -0.1972   0.2478  -0.3235  -0.3061  -0.0721  -0.0228   0.0393   0.0350  -0.1578
   0.4033  -0.0008  -0.1972   1.0000  -0.0169   0.3732   0.5503   0.1778  -0.0000  -0.0504   0.0001  -0.0004
  -0.4993  -0.0008   0.2478  -0.0169   1.0000  -0.4620  -0.7645  -0.0872   0.0000   0.0482   0.0001  -0.0009
   0.7409  -0.1000  -0.3235   0.3732  -0.4620   1.0000   0.5739   0.1356  -0.0058  -0.0737   0.0089  -0.0397
   0.6202   0.0002  -0.3061   0.5503  -0.7645   0.5739   1.0000   0.2258  -0.0000  -0.0687  -0.0000   0.0004
   0.1466  -0.0001  -0.0721   0.1778  -0.0872   0.1356   0.2258   1.0000  -0.0000  -0.1162   0.0000  -0.0000
  -0.0000   0.0545  -0.0228  -0.0000   0.0000  -0.0058  -0.0000  -0.0000   1.0000   0.0000  -0.1962  -0.0542
  -0.0797   0.0000   0.0393  -0.0504   0.0482  -0.0737  -0.0687  -0.1162   0.0000   1.0000  -0.0000  -0.0000
  -0.0000  -0.0839   0.0350   0.0001   0.0001   0.0089  -0.0000   0.0000  -0.1962  -0.0000   1.0000  -0.0551
   0.0002   0.3781  -0.1578  -0.0004  -0.0009  -0.0397   0.0004  -0.0000  -0.0542  -0.0000  -0.0551   1.0000
