
  RooFitResult: minimized FCN value: -174937, estimated distance to minimum: 5.29137e-06
                covariance matrix quality: Full, accurate covariance matrix
                Status : MIGRAD=4 HESSE=0 MINOS=0 

    Constant Parameter    Value     
  --------------------  ------------
              peakFail    9.1188e+01

    Floating Parameter  InitialValue    FinalValue +/-  Error     GblCorr.
  --------------------  ------------  --------------------------  --------
              NbkgFail    1.9597e+03    1.5934e+04 +/-  2.78e+02  <none>
              NbkgPass    5.0000e+01    1.9394e+03 +/-  1.27e+02  <none>
                  Nsig    3.1678e+04    2.1725e+04 +/-  3.12e+02  <none>
              alfaFail    5.1000e+01    5.1786e+01 +/-  3.13e+00  <none>
              betaFail    5.0000e-02    2.0000e-01 +/-  1.38e-01  <none>
                   eff    8.0000e-01    8.3138e-01 +/-  9.88e-03  <none>
             gammaFail    1.0000e-01    2.8497e-02 +/-  5.37e-04  <none>
              meanFail    0.0000e+00   -7.6369e-01 +/-  4.49e-01  <none>
              meanPass    0.0000e+00   -1.1655e+00 +/-  5.23e-02  <none>
             sigmaFail    2.0000e+00    8.3552e-03 +/-  3.13e+00  <none>
             sigmaPass    2.0000e+00    1.5315e+00 +/-  1.43e-01  <none>
                 tPass   -1.0000e-01   -4.7726e-02 +/-  3.67e-03  <none>


  Correlation Matrix
 --------------------
   1.0000  -0.0001  -0.7083  -0.0047  -0.0000   0.8568   0.0830  -0.0690  -0.0000  -0.0247   0.0001  -0.0001
  -0.0001   1.0000  -0.3570  -0.0000   0.0000  -0.0878  -0.0000   0.0000   0.1175   0.0000  -0.4832   0.5294
  -0.7083  -0.3570   1.0000   0.0042   0.0000  -0.7292  -0.0741   0.0616  -0.0477   0.0220   0.1962  -0.2149
  -0.0047  -0.0000   0.0042   1.0000  -0.2369  -0.0051   0.1572   0.1235  -0.0000   0.0756   0.0000  -0.0000
  -0.0000   0.0000   0.0000  -0.2369   1.0000  -0.0000  -0.0187  -0.0147   0.0000  -0.0090  -0.0000   0.0000
   0.8568  -0.0878  -0.7292  -0.0051  -0.0000   1.0000   0.0897  -0.0745  -0.0117  -0.0267   0.0482  -0.0528
   0.0830  -0.0000  -0.0741   0.1572  -0.0187   0.0897   1.0000   0.0333  -0.0000   0.0237   0.0000  -0.0000
  -0.0690   0.0000   0.0616   0.1235  -0.0147  -0.0745   0.0333   1.0000   0.0000   0.6274  -0.0000   0.0000
  -0.0000   0.1175  -0.0477  -0.0000   0.0000  -0.0117  -0.0000   0.0000   1.0000   0.0000  -0.1967   0.0286
  -0.0247   0.0000   0.0220   0.0756  -0.0090  -0.0267   0.0237   0.6274   0.0000   1.0000  -0.0000   0.0000
   0.0001  -0.4832   0.1962   0.0000  -0.0000   0.0482   0.0000  -0.0000  -0.1967  -0.0000   1.0000  -0.4600
  -0.0001   0.5294  -0.2149  -0.0000   0.0000  -0.0528  -0.0000   0.0000   0.0286   0.0000  -0.4600   1.0000
