
  RooFitResult: minimized FCN value: -4.25746e+06, estimated distance to minimum: 2.1482e+08
                covariance matrix quality: Full matrix, but forced positive-definite
                Status : MIGRAD=4 HESSE=0 MINOS=0 

    Constant Parameter    Value     
  --------------------  ------------
              peakFail    9.1188e+01

    Floating Parameter  InitialValue    FinalValue +/-  Error     GblCorr.
  --------------------  ------------  --------------------------  --------
              NbkgFail    3.5377e+03    6.5961e+03 +/-  1.32e+01  <none>
              NbkgPass    5.0000e+01    5.0969e+01 +/-  3.10e+05  <none>
                  Nsig    4.1721e+05    3.7716e+05 +/-  1.03e+03  <none>
              alfaFail    5.0000e+01    1.9842e+02 +/-  1.58e-02  <none>
              betaFail    5.0000e-02    6.6233e-02 +/-  1.22e-05  <none>
                   eff    8.0000e-01    9.3974e-01 +/-  2.76e-04  <none>
             gammaFail    1.0000e-01    9.6366e-01 +/-  1.79e-04  <none>
              meanFail    0.0000e+00    4.3972e-01 +/-  6.25e-03  <none>
              meanPass    0.0000e+00   -4.3547e-03 +/-  1.43e-02  <none>
             sigmaFail    2.0000e+00    1.5317e+00 +/-  2.38e-03  <none>
             sigmaPass    2.0000e+00    1.9932e+00 +/-  2.67e-02  <none>
                 tPass   -1.0000e-01   -1.0001e-01 +/-  2.73e-03  <none>


  Correlation Matrix
 --------------------
   1.0000  -0.0166   0.0162   0.0035   0.0098   0.0201   0.0050   0.0031  -0.0165   0.0008   0.0166   0.0165
  -0.0166   1.0000  -0.9949  -0.0048  -0.0110  -0.9526  -0.0290  -0.0023   0.9938   0.0040  -0.9976  -0.9934
   0.0162  -0.9949   1.0000   0.0048   0.0108   0.9477   0.0288   0.0022  -0.9888  -0.0040   0.9926   0.9883
   0.0035  -0.0048   0.0048   1.0000  -0.0204   0.0053  -0.0096  -0.0058  -0.0048   0.0000   0.0048   0.0048
   0.0098  -0.0110   0.0108  -0.0204   1.0000   0.0126  -0.0272  -0.0148  -0.0110  -0.0000   0.0110   0.0110
   0.0201  -0.9526   0.9477   0.0053   0.0126   1.0000   0.0286   0.0028  -0.9467  -0.0036   0.9504   0.9463
   0.0050  -0.0290   0.0288  -0.0096  -0.0272   0.0286   1.0000  -0.0076  -0.0288  -0.0001   0.0289   0.0288
   0.0031  -0.0023   0.0022  -0.0058  -0.0148   0.0028  -0.0076   1.0000  -0.0023  -0.0017   0.0023   0.0023
  -0.0165   0.9938  -0.9888  -0.0048  -0.0110  -0.9467  -0.0288  -0.0023   1.0000   0.0040  -0.9914  -0.9872
   0.0008   0.0040  -0.0040   0.0000  -0.0000  -0.0036  -0.0001  -0.0017   0.0040   1.0000  -0.0040  -0.0040
   0.0166  -0.9976   0.9926   0.0048   0.0110   0.9504   0.0289   0.0023  -0.9914  -0.0040   1.0000   0.9910
   0.0165  -0.9934   0.9883   0.0048   0.0110   0.9463   0.0288   0.0023  -0.9872  -0.0040   0.9910   1.0000
