
  RooFitResult: minimized FCN value: -1.17182e+07, estimated distance to minimum: 0.249326
                covariance matrix quality: Full matrix, but forced positive-definite
                Status : MIGRAD=4 HESSE=0 

    Constant Parameter    Value     
  --------------------  ------------
              peakFail    9.1188e+01

    Floating Parameter  InitialValue    FinalValue +/-  Error     GblCorr.
  --------------------  ------------  --------------------------  --------
              NbkgFail    6.0506e+03    6.0554e+03 +/-  6.22e+02  <none>
              NbkgPass    1.7391e+03    1.7343e+03 +/-  1.59e+02  <none>
                  Nsig    1.2471e+06    1.2471e+06 +/-  1.25e+03  <none>
              alfaFail    8.0282e+01    8.0113e+01 +/-  7.04e+00  <none>
              betaFail    3.5074e-02    3.5214e-02 +/-  1.04e-02  <none>
                   eff    9.5581e-01    9.5581e-01 +/-  4.92e-04  <none>
             gammaFail    8.9500e-06    5.7364e-08 +/-  3.73e-03  <none>
              meanFail   -2.5576e-01   -2.5576e-01 +/-  1.48e-02  <none>
              meanPass   -1.5779e-01   -1.5778e-01 +/-  2.82e-03  <none>
             sigmaFail    3.4555e-02    2.1171e-02 +/-  7.08e-02  <none>
             sigmaPass    6.3290e-03    6.3207e-03 +/-  4.19e-03  <none>
                 tPass   -8.6719e-07   -4.3397e-07 +/-  8.01e-04  <none>


  Correlation Matrix
 --------------------
   1.0000  -0.0002  -0.4758  -0.9688  -0.8236   0.9246  -0.9662  -0.2122   0.0000  -0.8454   0.0000   0.0000
  -0.0002   1.0000  -0.1126   0.0002   0.0001  -0.0103   0.0002   0.0000   0.0336   0.0001  -0.0841   0.0016
  -0.4758  -0.1126   1.0000   0.4681   0.3980  -0.4455   0.4669   0.1025  -0.0041   0.4085   0.0102  -0.0002
  -0.9688   0.0002   0.4681   1.0000   0.7688  -0.9097   0.9534   0.1882  -0.0000   0.8313  -0.0000  -0.0000
  -0.8236   0.0001   0.3980   0.7688   1.0000  -0.7734   0.9200   0.2570  -0.0000   0.7016  -0.0000  -0.0000
   0.9246  -0.0103  -0.4455  -0.9097  -0.7734   1.0000  -0.9072  -0.1992  -0.0004  -0.7938   0.0009  -0.0000
  -0.9662   0.0002   0.4669   0.9534   0.9200  -0.9072   1.0000   0.2384  -0.0000   0.8270  -0.0000  -0.0000
  -0.2122   0.0000   0.1025   0.1882   0.2570  -0.1992   0.2384   1.0000  -0.0000   0.2506  -0.0000  -0.0000
   0.0000   0.0336  -0.0041  -0.0000  -0.0000  -0.0004  -0.0000  -0.0000   1.0000  -0.0000   0.0888  -0.0000
  -0.8454   0.0001   0.4085   0.8313   0.7016  -0.7938   0.8270   0.2506  -0.0000   1.0000  -0.0000  -0.0000
   0.0000  -0.0841   0.0102  -0.0000  -0.0000   0.0009  -0.0000  -0.0000   0.0888  -0.0000   1.0000  -0.0001
   0.0000   0.0016  -0.0002  -0.0000  -0.0000  -0.0000  -0.0000  -0.0000  -0.0000  -0.0000  -0.0001   1.0000
