
  RooFitResult: minimized FCN value: -138186, estimated distance to minimum: 0.000275815
                covariance matrix quality: Full, accurate covariance matrix
                Status : MIGRAD=0 HESSE=0 MINOS=0 

    Constant Parameter    Value     
  --------------------  ------------
              peakFail    9.1188e+01

    Floating Parameter  InitialValue    FinalValue (+HiError,-LoError)    GblCorr.
  --------------------  ------------  ----------------------------------  --------
              NbkgFail    2.2480e+02    1.2506e+03         +/-  6.20e+01  <none>
              NbkgPass    5.0000e+01    1.5185e+02         +/-  1.95e+03  <none>
                  Nsig    2.1776e+04    2.5817e+04         +/-  1.11e+03  <none>
              alfaFail    5.0000e+01    7.5004e+01         +/-  2.26e+01  <none>
              betaFail    5.0000e-02    3.5844e-02         +/-  1.39e-02  <none>
                   eff    8.0000e-01    9.6138e-01 (+2.23e-03,-2.33e-03)  <none>
             gammaFail    1.0000e-01    3.8364e-02         +/-  2.14e-02  <none>
              meanFail    0.0000e+00   -1.0857e-02         +/-  1.72e-01  <none>
              meanPass    0.0000e+00    1.8165e-01         +/-  3.80e-02  <none>
             sigmaFail    2.0000e+00    5.9679e-01         +/-  4.21e-01  <none>
             sigmaPass    2.0000e+00    7.5331e-01         +/-  1.94e-01  <none>
                 tPass   -1.0000e-01   -2.4866e-04         +/-  9.49e-01  <none>


  Correlation Matrix
 --------------------
   1.0000  -0.0051   0.0324   0.3138   0.0917   0.5613  -0.3533   0.0607   0.0037  -0.3861   0.0047   0.0051
  -0.0051   1.0000   0.9885  -0.0182  -0.0160  -0.5955   0.0183   0.0023  -0.7201   0.0031  -0.9334  -0.9982
   0.0324   0.9885   1.0000  -0.0006  -0.0107  -0.5578  -0.0015   0.0056  -0.7119  -0.0184  -0.9228  -0.9869
   0.3138  -0.0182  -0.0006   1.0000   0.9055   0.2703  -0.9902  -0.1444   0.0131  -0.1939   0.0169   0.0182
   0.0917  -0.0160  -0.0107   0.9055   1.0000   0.0854  -0.8516  -0.2014   0.0115  -0.0653   0.0148   0.0160
   0.5613  -0.5955  -0.5578   0.2703   0.0854   1.0000  -0.3030   0.0488   0.4289  -0.3210   0.5559   0.5945
  -0.3533   0.0183  -0.0015  -0.9902  -0.8516  -0.3030   1.0000   0.1125  -0.0132   0.2133  -0.0170  -0.0183
   0.0607   0.0023   0.0056  -0.1444  -0.2014   0.0488   0.1125   1.0000  -0.0016  -0.0809  -0.0021  -0.0023
   0.0037  -0.7201  -0.7119   0.0131   0.0115   0.4289  -0.0132  -0.0016   1.0000  -0.0022   0.6317   0.7219
  -0.3861   0.0031  -0.0184  -0.1939  -0.0653  -0.3210   0.2133  -0.0809  -0.0022   1.0000  -0.0028  -0.0031
   0.0047  -0.9334  -0.9228   0.0169   0.0148   0.5559  -0.0170  -0.0021   0.6317  -0.0028   1.0000   0.9320
   0.0051  -0.9982  -0.9869   0.0182   0.0160   0.5945  -0.0183  -0.0023   0.7219  -0.0031   0.9320   1.0000
