
  RooFitResult: minimized FCN value: -645990, estimated distance to minimum: 1.30821e-05
                covariance matrix quality: Full, accurate covariance matrix
                Status : MIGRAD=4 HESSE=0 

    Constant Parameter    Value     
  --------------------  ------------
              peakFail    9.1188e+01

    Floating Parameter  InitialValue    FinalValue +/-  Error     GblCorr.
  --------------------  ------------  --------------------------  --------
              NbkgFail    3.8684e+04    3.8684e+04 +/-  3.49e+02  <none>
              NbkgPass    2.6076e+03    2.6075e+03 +/-  1.45e+02  <none>
                  Nsig    7.4257e+04    7.4257e+04 +/-  4.19e+02  <none>
              alfaFail    5.8018e+01    5.8018e+01 +/-  2.66e-01  <none>
              betaFail    2.0000e-01    2.0000e-01 +/-  4.86e-03  <none>
                   eff    6.3223e-01    6.3223e-01 +/-  3.10e-03  <none>
             gammaFail    3.4113e-02    3.4112e-02 +/-  4.30e-04  <none>
              meanFail   -6.4799e-01   -6.4799e-01 +/-  5.81e-02  <none>
              meanPass   -5.0690e-01   -5.0690e-01 +/-  2.27e-02  <none>
             sigmaFail    4.5779e-02    1.5543e-03 +/-  5.57e-01  <none>
             sigmaPass    3.8613e-03    2.7480e-03 +/-  3.12e+00  <none>
                 tPass   -3.4017e-02   -3.4015e-02 +/-  2.34e-03  <none>


  Correlation Matrix
 --------------------
   1.0000  -0.0007  -0.5675   0.0269   0.0047   0.6543  -0.0365   0.0220  -0.0000  -0.0261   0.0000   0.0002
  -0.0007   1.0000  -0.3021  -0.0000  -0.0000  -0.2031   0.0001  -0.0000   0.0381   0.0000  -0.0016  -0.1980
  -0.5675  -0.3021   1.0000  -0.0224  -0.0039  -0.4747   0.0303  -0.0183  -0.0131   0.0217   0.0005   0.0683
   0.0269  -0.0000  -0.0224   1.0000  -0.1600   0.0258   0.4612   0.0960  -0.0000  -0.0130   0.0000   0.0000
   0.0047  -0.0000  -0.0039  -0.1600   1.0000   0.0045   0.0205   0.0059  -0.0000  -0.0006   0.0000   0.0000
   0.6543  -0.2031  -0.4747   0.0258   0.0045   1.0000  -0.0351   0.0211  -0.0088  -0.0250   0.0004   0.0459
  -0.0365   0.0001   0.0303   0.4612   0.0205  -0.0351   1.0000   0.1267   0.0000  -0.0038  -0.0000  -0.0000
   0.0220  -0.0000  -0.0183   0.0960   0.0059   0.0211   0.1267   1.0000  -0.0000  -0.0705   0.0000   0.0000
  -0.0000   0.0381  -0.0131  -0.0000  -0.0000  -0.0088   0.0000  -0.0000   1.0000   0.0000  -0.0492  -0.0834
  -0.0261   0.0000   0.0217  -0.0130  -0.0006  -0.0250  -0.0038  -0.0705   0.0000   1.0000  -0.0000  -0.0000
   0.0000  -0.0016   0.0005   0.0000   0.0000   0.0004  -0.0000   0.0000  -0.0492  -0.0000   1.0000   0.0034
   0.0002  -0.1980   0.0683   0.0000   0.0000   0.0459  -0.0000   0.0000  -0.0834  -0.0000   0.0034   1.0000
