
  RooFitResult: minimized FCN value: -447017, estimated distance to minimum: 2.1982e-05
                covariance matrix quality: Full matrix, but forced positive-definite
                Status : MIGRAD=0 HESSE=0 MINOS=0 

    Constant Parameter    Value     
  --------------------  ------------
              peakFail    9.1188e+01

    Floating Parameter  InitialValue    FinalValue (+HiError,-LoError)    GblCorr.
  --------------------  ------------  ----------------------------------  --------
              NbkgFail    5.9150e+02    8.0208e+02         +/-  3.99e+02  <none>
              NbkgPass    5.0000e+01    2.1909e+02         +/-  6.06e+01  <none>
                  Nsig    6.0238e+04    7.4276e+04         +/-  4.00e+02  <none>
              alfaFail    5.1000e+01    8.0000e+01         +/-  4.40e+00  <none>
              betaFail    5.0000e-02    4.7206e-02         +/-  6.10e-02  <none>
                   eff    8.0000e-01    9.3116e-01 (+1.72e-03,-1.60e-03)  <none>
             gammaFail    1.0000e-01    3.2901e-02         +/-  4.13e-02  <none>
              meanFail    0.0000e+00    2.5683e-02         +/-  1.16e-01  <none>
              meanPass    0.0000e+00   -3.6187e-01         +/-  2.01e-02  <none>
             sigmaFail    2.0000e+00    1.2843e+00         +/-  5.09e-01  <none>
             sigmaPass    2.0000e+00    9.2764e-01         +/-  7.79e-02  <none>
                 tPass   -1.0000e-01   -5.9531e-12         +/-  1.47e-03  <none>


  Correlation Matrix
 --------------------
   1.0000  -0.0075  -0.8080   0.1838  -0.9927   0.9802  -0.9933  -0.5841  -0.0007   0.8964   0.0015  -0.0000
  -0.0075   1.0000  -0.1018  -0.0014   0.0075  -0.0171   0.0075   0.0044   0.0137  -0.0067  -0.1697  -0.0006
  -0.8080  -0.1018   1.0000  -0.1492   0.8056  -0.7944   0.8061   0.4740  -0.0010  -0.7276   0.0182   0.0001
   0.1838  -0.0014  -0.1492   1.0000  -0.1853   0.1810  -0.1858  -0.1131  -0.0002   0.1642   0.0003  -0.0000
  -0.9927   0.0075   0.8056  -0.1853   1.0000  -0.9773   0.9974   0.5944   0.0007  -0.8895  -0.0014   0.0000
   0.9802  -0.0171  -0.7944   0.1810  -0.9773   1.0000  -0.9778  -0.5750  -0.0009   0.8825   0.0032  -0.0000
  -0.9933   0.0075   0.8061  -0.1858   0.9974  -0.9778   1.0000   0.5784   0.0007  -0.8918  -0.0014   0.0000
  -0.5841   0.0044   0.4740  -0.1131   0.5944  -0.5750   0.5784   1.0000   0.0004  -0.4795  -0.0009   0.0000
  -0.0007   0.0137  -0.0010  -0.0002   0.0007  -0.0009   0.0007   0.0004   1.0000  -0.0007  -0.1716   0.0003
   0.8964  -0.0067  -0.7276   0.1642  -0.8895   0.8825  -0.8918  -0.4795  -0.0007   1.0000   0.0013  -0.0000
   0.0015  -0.1697   0.0182   0.0003  -0.0014   0.0032  -0.0014  -0.0009  -0.1716   0.0013   1.0000   0.0000
  -0.0000  -0.0006   0.0001  -0.0000   0.0000  -0.0000   0.0000   0.0000   0.0003  -0.0000   0.0000   1.0000
