
  RooFitResult: minimized FCN value: -126.535, estimated distance to minimum: 9.85988e-06
                covariance matrix quality: Full matrix, but forced positive-definite
                Status : MIGRAD=0 HESSE=0 MINOS=0 

    Constant Parameter    Value     
  --------------------  ------------
              peakFail    9.1188e+01

    Floating Parameter  InitialValue    FinalValue (+HiError,-LoError)    GblCorr.
  --------------------  ------------  ----------------------------------  --------
              NbkgFail    1.8000e+00    3.4661e+00         +/-  2.16e+00  <none>
              NbkgPass    5.0000e+01    2.8614e+00         +/-  2.22e+00  <none>
                  Nsig    2.2000e+02    2.6865e+02         +/-  1.60e+01  <none>
              alfaFail    5.0000e+01    1.9426e+02         +/-  1.71e+02  <none>
              betaFail    5.0000e-02    4.9290e-02         +/-  4.78e-02  <none>
                   eff    8.0000e-01    9.4590e-01 (+1.36e-02,-1.54e-02)  <none>
             gammaFail    1.0000e-01    3.4856e-01         +/-  5.12e-01  <none>
              meanFail    0.0000e+00    6.6938e+00         +/-  9.15e-01  <none>
              meanPass    0.0000e+00    1.3768e+00         +/-  2.60e-01  <none>
             sigmaFail    2.0000e+00    3.0302e+00         +/-  7.22e-01  <none>
             sigmaPass    2.0000e+00    1.6202e+00         +/-  3.27e-01  <none>
                 tPass   -1.0000e-01   -2.6025e-01         +/-  2.33e-01  <none>


  Correlation Matrix
 --------------------
   1.0000  -0.0000  -0.0379   0.0140  -0.0877   0.1530  -0.0158  -0.1424  -0.0000   0.1693  -0.0000  -0.0000
  -0.0000   1.0000  -0.0567  -0.0019   0.0006  -0.0131  -0.0016  -0.0000  -0.0392   0.0000  -0.0215   0.4355
  -0.0379  -0.0567   1.0000  -0.0028   0.0121  -0.0186   0.0014   0.0190   0.0053  -0.0225   0.0029  -0.0586
   0.0140  -0.0019  -0.0028   1.0000  -0.4391   0.0073   0.7471   0.0176  -0.0003  -0.0090  -0.0005  -0.0027
  -0.0877   0.0006   0.0121  -0.4391   1.0000  -0.0471   0.2640  -0.0226   0.0001  -0.0041   0.0002   0.0008
   0.1530  -0.0131  -0.0186   0.0073  -0.0471   1.0000  -0.0087  -0.0766   0.0012   0.0910   0.0007  -0.0135
  -0.0158  -0.0016   0.0014   0.7471   0.2640  -0.0087   1.0000  -0.0126  -0.0003   0.0052  -0.0004  -0.0023
  -0.1424  -0.0000   0.0190   0.0176  -0.0226  -0.0766  -0.0126   1.0000  -0.0000  -0.1247  -0.0000  -0.0000
  -0.0000  -0.0392   0.0053  -0.0003   0.0001   0.0012  -0.0003  -0.0000   1.0000   0.0000  -0.0171  -0.0077
   0.1693   0.0000  -0.0225  -0.0090  -0.0041   0.0910   0.0052  -0.1247   0.0000   1.0000   0.0000   0.0000
  -0.0000  -0.0215   0.0029  -0.0005   0.0002   0.0007  -0.0004  -0.0000  -0.0171   0.0000   1.0000   0.0135
  -0.0000   0.4355  -0.0586  -0.0027   0.0008  -0.0135  -0.0023  -0.0000  -0.0077   0.0000   0.0135   1.0000
