
  RooFitResult: minimized FCN value: -6.64797e+06, estimated distance to minimum: 1.13602
                covariance matrix quality: Full matrix, but forced positive-definite
                Status : MIGRAD=4 HESSE=0 MINOS=0 

    Constant Parameter    Value     
  --------------------  ------------
              peakFail    9.1188e+01

    Floating Parameter  InitialValue    FinalValue +/-  Error     GblCorr.
  --------------------  ------------  --------------------------  --------
              NbkgFail    5.4616e+03    1.4069e+04 +/-  4.88e+02  <none>
              NbkgPass    5.0000e+01    1.5262e+03 +/-  2.24e+02  <none>
                  Nsig    6.2631e+05    7.6735e+05 +/-  9.99e+02  <none>
              alfaFail    5.0000e+01    7.1274e+01 +/-  3.84e+00  <none>
              betaFail    5.0000e-02    7.6837e-02 +/-  1.87e-02  <none>
                   eff    8.0000e-01    9.4716e-01 +/-  6.34e-04  <none>
             gammaFail    1.0000e-01    2.4002e-02 +/-  7.19e-03  <none>
              meanFail    0.0000e+00   -7.5494e-01 +/-  3.75e-02  <none>
              meanPass    0.0000e+00   -5.5349e-01 +/-  5.09e-03  <none>
             sigmaFail    2.0000e+00    5.5739e-01 +/-  1.96e-01  <none>
             sigmaPass    2.0000e+00    6.3254e-01 +/-  2.63e-02  <none>
                 tPass   -1.0000e-01   -1.0601e-07 +/-  4.94e-04  <none>


  Correlation Matrix
 --------------------
   1.0000   0.0077   0.4413  -0.8904   0.8564  -0.8908  -0.9032   0.5165   0.0002  -0.3172  -0.0015  -0.0002
   0.0077   1.0000  -0.2131  -0.0074   0.0071  -0.0314  -0.0075   0.0043   0.0206  -0.0026  -0.1830  -0.0236
   0.4413  -0.2131   1.0000  -0.4172   0.4012  -0.4118  -0.4232   0.2420  -0.0045  -0.1485   0.0401   0.0053
  -0.8904  -0.0074  -0.4172   1.0000  -0.9894   0.8423   0.9942  -0.6431  -0.0002   0.3027   0.0014   0.0002
   0.8564   0.0071   0.4012  -0.9894   1.0000  -0.8102  -0.9769   0.6565   0.0001  -0.2941  -0.0013  -0.0002
  -0.8908  -0.0314  -0.4118   0.8423  -0.8102   1.0000   0.8544  -0.4888  -0.0007   0.2998   0.0059   0.0008
  -0.9032  -0.0075  -0.4232   0.9942  -0.9769   0.8544   1.0000  -0.6150  -0.0002   0.3043   0.0014   0.0002
   0.5165   0.0043   0.2420  -0.6431   0.6565  -0.4888  -0.6150   1.0000   0.0001  -0.1851  -0.0008  -0.0001
   0.0002   0.0206  -0.0045  -0.0002   0.0001  -0.0007  -0.0002   0.0001   1.0000  -0.0001  -0.1463   0.0163
  -0.3172  -0.0026  -0.1485   0.3027  -0.2941   0.2998   0.3043  -0.1851  -0.0001   1.0000   0.0005   0.0001
  -0.0015  -0.1830   0.0401   0.0014  -0.0013   0.0059   0.0014  -0.0008  -0.1463   0.0005   1.0000   0.0048
  -0.0002  -0.0236   0.0053   0.0002  -0.0002   0.0008   0.0002  -0.0001   0.0163   0.0001   0.0048   1.0000
