
  RooFitResult: minimized FCN value: -2.17408e+06, estimated distance to minimum: 0.79413
                covariance matrix quality: Full, accurate covariance matrix
                Status : MIGRAD=4 HESSE=0 MINOS=0 

    Constant Parameter    Value     
  --------------------  ------------
              peakFail    9.1188e+01

    Floating Parameter  InitialValue    FinalValue (+HiError,-LoError)    GblCorr.
  --------------------  ------------  ----------------------------------  --------
              NbkgFail    1.5558e+03    4.9107e+03         +/-  1.17e+02  <none>
              NbkgPass    5.0000e+01    2.6662e+03         +/-  1.49e+02  <none>
                  Nsig    2.3156e+05    2.8187e+05         +/-  5.57e+02  <none>
              alfaFail    5.1000e+01    8.0000e+01         +/-  3.84e-01  <none>
              betaFail    5.0000e-02    3.7654e-02         +/-  3.29e-03  <none>
                   eff    8.0000e-01    9.6224e-01 (+6.45e-04,-4.75e-04)  <none>
             gammaFail    1.0000e-01    2.5300e-09         +/-  5.14e-05  <none>
              meanFail    0.0000e+00   -3.7563e-01         +/-  4.79e-02  <none>
              meanPass    0.0000e+00   -2.0542e-01         +/-  8.16e-03  <none>
             sigmaFail    2.0000e+00    3.7046e-01         +/-  1.75e-01  <none>
             sigmaPass    2.0000e+00    4.5924e-01         +/-  2.86e-02  <none>
                 tPass   -1.0000e-01   -1.0032e-10         +/-  2.63e-04  <none>


  Correlation Matrix
 --------------------
   1.0000   0.0000  -0.1357  -0.2315  -0.2586   0.5347   0.1449   0.0157  -0.0000  -0.0405   0.0000   0.0000
   0.0000   1.0000  -0.2356  -0.0000  -0.0000  -0.0365  -0.0000   0.0000  -0.0330  -0.0000  -0.1124   0.0238
  -0.1357  -0.2356   1.0000   0.0488   0.0545  -0.1029  -0.0305  -0.0033   0.0088   0.0085   0.0301  -0.0064
  -0.2315  -0.0000   0.0488   1.0000   0.7613  -0.1922  -0.1379   0.0488   0.0000   0.0045   0.0000  -0.0000
  -0.2586  -0.0000   0.0545   0.7613   1.0000  -0.2147   0.2327   0.0509   0.0000   0.0040   0.0000  -0.0000
   0.5347  -0.0365  -0.1029  -0.1922  -0.2147   1.0000   0.1204   0.0131   0.0014  -0.0337   0.0047  -0.0010
   0.1449  -0.0000  -0.0305  -0.1379   0.2327   0.1204   1.0000   0.1351   0.0000  -0.0208   0.0000  -0.0000
   0.0157   0.0000  -0.0033   0.0488   0.0509   0.0131   0.1351   1.0000  -0.0000  -0.1103  -0.0000   0.0000
  -0.0000  -0.0330   0.0088   0.0000   0.0000   0.0014   0.0000  -0.0000   1.0000   0.0000  -0.1962   0.0010
  -0.0405  -0.0000   0.0085   0.0045   0.0040  -0.0337  -0.0208  -0.1103   0.0000   1.0000  -0.0000  -0.0000
   0.0000  -0.1124   0.0301   0.0000   0.0000   0.0047   0.0000  -0.0000  -0.1962  -0.0000   1.0000  -0.0027
   0.0000   0.0238  -0.0064  -0.0000  -0.0000  -0.0010  -0.0000   0.0000   0.0010  -0.0000  -0.0027   1.0000
