
  RooFitResult: minimized FCN value: -2.64967e+06, estimated distance to minimum: 0.0152597
                covariance matrix quality: Full matrix, but forced positive-definite
                Status : MIGRAD=0 HESSE=0 

    Constant Parameter    Value     
  --------------------  ------------
              peakFail    9.1188e+01

    Floating Parameter  InitialValue    FinalValue +/-  Error     GblCorr.
  --------------------  ------------  --------------------------  --------
              NbkgFail    9.1442e+03    9.1442e+03 +/-  1.78e+02  <none>
              NbkgPass    6.3723e+02    6.3738e+02 +/-  2.83e+03  <none>
                  Nsig    3.4365e+05    3.4365e+05 +/-  2.52e+03  <none>
              alfaFail    6.6044e+01    6.6044e+01 +/-  3.79e-01  <none>
              betaFail    1.3233e-01    1.3234e-01 +/-  9.38e-03  <none>
                   eff    9.2841e-01    9.2841e-01 +/-  7.83e-04  <none>
             gammaFail    2.9509e-02    2.9508e-02 +/-  1.19e-03  <none>
              meanFail   -7.1476e-01   -7.1475e-01 +/-  4.14e-02  <none>
              meanPass   -6.8062e-01   -6.8062e-01 +/-  1.18e-02  <none>
             sigmaFail    7.0796e-01    7.0701e-01 +/-  1.83e-01  <none>
             sigmaPass    8.2791e-01    8.2799e-01 +/-  1.21e-01  <none>
                 tPass   -1.6101e-10   -8.6177e-07 +/-  6.34e-01  <none>


  Correlation Matrix
 --------------------
   1.0000  -0.0170  -0.0320   0.4358  -0.2944   0.4405   0.3130   0.1447   0.0115  -0.2970   0.0161   0.0170
  -0.0170   1.0000  -0.9734  -0.0103   0.0069  -0.6742  -0.0074  -0.0034  -0.6776   0.0070  -0.9486  -0.9978
  -0.0320  -0.9734   1.0000  -0.0192   0.0130   0.6276  -0.0138  -0.0064   0.6596   0.0131   0.9235   0.9714
   0.4358  -0.0103  -0.0192   1.0000  -0.6770   0.2652   0.7219   0.1319   0.0070  -0.1551   0.0097   0.0102
  -0.2944   0.0069   0.0130  -0.6770   1.0000  -0.1792  -0.4603  -0.0888  -0.0047   0.1288  -0.0066  -0.0069
   0.4405  -0.6742   0.6276   0.2652  -0.1792   1.0000   0.1904   0.0881   0.4569  -0.1807   0.6397   0.6729
   0.3130  -0.0074  -0.0138   0.7219  -0.4603   0.1904   1.0000   0.2593   0.0050  -0.0800   0.0070   0.0073
   0.1447  -0.0034  -0.0064   0.1319  -0.0888   0.0881   0.2593   1.0000   0.0023  -0.0920   0.0032   0.0034
   0.0115  -0.6776   0.6596   0.0070  -0.0047   0.4569   0.0050   0.0023   1.0000  -0.0047   0.5960   0.6807
  -0.2970   0.0070   0.0131  -0.1551   0.1288  -0.1807  -0.0800  -0.0920  -0.0047   1.0000  -0.0066  -0.0070
   0.0161  -0.9486   0.9235   0.0097  -0.0066   0.6397   0.0070   0.0032   0.5960  -0.0066   1.0000   0.9465
   0.0170  -0.9978   0.9714   0.0102  -0.0069   0.6729   0.0073   0.0034   0.6807  -0.0070   0.9465   1.0000
