
  RooFitResult: minimized FCN value: -1.07872e+06, estimated distance to minimum: 1.69209e-05
                covariance matrix quality: Full, accurate covariance matrix
                Status : MIGRAD=4 HESSE=0 MINOS=0 

    Constant Parameter    Value     
  --------------------  ------------
              peakFail    9.1188e+01

    Floating Parameter  InitialValue    FinalValue (+HiError,-LoError)    GblCorr.
  --------------------  ------------  ----------------------------------  --------
              NbkgFail    1.3031e+03    6.0812e+03         +/-  1.17e+02  <none>
              NbkgPass    5.0000e+01    1.8985e+03         +/-  1.62e+02  <none>
                  Nsig    1.2648e+05    1.5013e+05         +/-  4.26e+02  <none>
              alfaFail    5.0000e+01    5.7229e+01         +/-  9.75e-01  <none>
              betaFail    5.0000e-02    2.0000e-01         +/-  1.29e-01  <none>
                   eff    8.0000e-01    9.5371e-01 (+7.79e-04,-7.83e-04)  <none>
             gammaFail    1.0000e-01    1.6813e-02         +/-  9.42e-04  <none>
              meanFail    0.0000e+00   -1.4215e-01         +/-  6.86e-02  <none>
              meanPass    0.0000e+00    1.2294e-01         +/-  1.10e-02  <none>
             sigmaFail    2.0000e+00    8.8501e-01         +/-  1.94e-01  <none>
             sigmaPass    2.0000e+00    7.3103e-01         +/-  3.28e-02  <none>
                 tPass   -1.0000e-01   -1.7877e-02         +/-  3.54e-03  <none>


  Correlation Matrix
 --------------------
   1.0000  -0.0011  -0.1495  -0.1000   0.0547   0.5292   0.0012   0.0458  -0.0000   0.2625   0.0002  -0.0004
  -0.0011   1.0000  -0.3507   0.0002  -0.0001  -0.0609  -0.0000  -0.0001   0.0293  -0.0005  -0.1634   0.2943
  -0.1495  -0.3507   1.0000   0.0271  -0.0148  -0.1208  -0.0003  -0.0124  -0.0111  -0.0712   0.0617  -0.1108
  -0.1000   0.0002   0.0271   1.0000   0.4459  -0.0959   0.2788  -0.0471   0.0000  -0.0388  -0.0000   0.0001
   0.0547  -0.0001  -0.0148   0.4459   1.0000   0.0525  -0.1552   0.0208  -0.0000   0.0223   0.0000  -0.0000
   0.5292  -0.0609  -0.1208  -0.0959   0.0525   1.0000   0.0011   0.0439  -0.0019   0.2517   0.0107  -0.0192
   0.0012  -0.0000  -0.0003   0.2788  -0.1552   0.0011   1.0000  -0.1505  -0.0000   0.0329   0.0000  -0.0000
   0.0458  -0.0001  -0.0124  -0.0471   0.0208   0.0439  -0.1505   1.0000  -0.0000   0.0523   0.0000  -0.0000
  -0.0000   0.0293  -0.0111   0.0000  -0.0000  -0.0019  -0.0000  -0.0000   1.0000  -0.0000  -0.1449  -0.0904
   0.2625  -0.0005  -0.0712  -0.0388   0.0223   0.2517   0.0329   0.0523  -0.0000   1.0000   0.0001  -0.0002
   0.0002  -0.1634   0.0617  -0.0000   0.0000   0.0107   0.0000   0.0000  -0.1449   0.0001   1.0000  -0.0557
  -0.0004   0.2943  -0.1108   0.0001  -0.0000  -0.0192  -0.0000  -0.0000  -0.0904  -0.0002  -0.0557   1.0000
