
  RooFitResult: minimized FCN value: -181677, estimated distance to minimum: 9.28084e-07
                covariance matrix quality: Full, accurate covariance matrix
                Status : MIGRAD=4 HESSE=0 MINOS=0 

    Constant Parameter    Value     
  --------------------  ------------
              peakFail    9.1188e+01

    Floating Parameter  InitialValue    FinalValue (+HiError,-LoError)    GblCorr.
  --------------------  ------------  ----------------------------------  --------
              NbkgFail    2.0316e+03    5.4605e+03         +/-  1.44e+02  <none>
              NbkgPass    5.0000e+01    2.1062e+03         +/-  1.06e+02  <none>
                  Nsig    3.2596e+04    3.3178e+04         +/-  2.40e+02  <none>
              alfaFail    5.1000e+01    8.0000e+01         +/-  1.58e+00  <none>
              betaFail    5.0000e-02    7.8668e-02         +/-  4.24e-03  <none>
                   eff    8.0000e-01    5.5225e-01 (+3.64e-03,-3.62e-03)  <none>
             gammaFail    1.0000e-01    2.5802e-01         +/-  1.72e-02  <none>
              meanFail    0.0000e+00   -2.4657e+00         +/-  1.73e-01  <none>
              meanPass    0.0000e+00   -1.9941e+00         +/-  4.35e-02  <none>
             sigmaFail    2.0000e+00    5.0000e+00         +/-  1.69e-03  <none>
             sigmaPass    2.0000e+00    4.0314e-01         +/-  1.25e-01  <none>
                 tPass   -1.0000e-01   -4.2294e-02         +/-  2.96e-03  <none>


  Correlation Matrix
 --------------------
   1.0000  -0.0012  -0.4411  -0.0038  -0.4949   0.4841  -0.5592   0.3555   0.0000   0.0009   0.0003  -0.0007
  -0.0012   1.0000  -0.3576   0.0000   0.0009  -0.3183   0.0010  -0.0007  -0.0126  -0.0000  -0.2165   0.4508
  -0.4411  -0.3576   1.0000   0.0023   0.2961  -0.1499   0.3345  -0.2126   0.0055  -0.0005   0.0953  -0.1981
  -0.0038   0.0000   0.0023   1.0000   0.0618  -0.0025  -0.1262  -0.0100  -0.0000  -0.0000  -0.0000   0.0000
  -0.4949   0.0009   0.2961   0.0618   1.0000  -0.3251   0.9546  -0.4097  -0.0000  -0.0002  -0.0002   0.0005
   0.4841  -0.3183  -0.1499  -0.0025  -0.3251   1.0000  -0.3674   0.2335   0.0049   0.0006   0.0848  -0.1763
  -0.5592   0.0010   0.3345  -0.1262   0.9546  -0.3674   1.0000  -0.4703  -0.0000  -0.0006  -0.0003   0.0006
   0.3555  -0.0007  -0.2126  -0.0100  -0.4097   0.2335  -0.4703   1.0000   0.0000   0.0008   0.0002  -0.0004
   0.0000  -0.0126   0.0055  -0.0000  -0.0000   0.0049  -0.0000   0.0000   1.0000   0.0000   0.0535  -0.0959
   0.0009  -0.0000  -0.0005  -0.0000  -0.0002   0.0006  -0.0006   0.0008   0.0000   1.0000   0.0000  -0.0000
   0.0003  -0.2165   0.0953  -0.0000  -0.0002   0.0848  -0.0003   0.0002   0.0535   0.0000   1.0000  -0.1718
  -0.0007   0.4508  -0.1981   0.0000   0.0005  -0.1763   0.0006  -0.0004  -0.0959  -0.0000  -0.1718   1.0000
