
  RooFitResult: minimized FCN value: -3.21876e+06, estimated distance to minimum: 7.11473e-06
                covariance matrix quality: Full, accurate covariance matrix
                Status : MIGRAD=4 HESSE=0 MINOS=0 

    Constant Parameter    Value     
  --------------------  ------------
              peakFail    9.1188e+01

    Floating Parameter  InitialValue    FinalValue (+HiError,-LoError)    GblCorr.
  --------------------  ------------  ----------------------------------  --------
              NbkgFail    2.0742e+03    4.9694e+03         +/-  1.24e+02  <none>
              NbkgPass    5.0000e+01    3.0414e+03         +/-  1.63e+02  <none>
                  Nsig    3.2321e+05    3.9600e+05         +/-  6.56e+02  <none>
              alfaFail    5.1000e+01    8.0000e+01         +/-  2.76e-01  <none>
              betaFail    5.0000e-02    3.5576e-02         +/-  1.91e-03  <none>
                   eff    8.0000e-01    9.6017e-01 (+3.95e-04,-3.96e-04)  <none>
             gammaFail    1.0000e-01    4.4172e-10         +/-  2.95e-04  <none>
              meanFail    0.0000e+00   -1.2025e-01         +/-  2.89e-02  <none>
              meanPass    0.0000e+00   -9.3810e-02         +/-  5.95e-03  <none>
             sigmaFail    2.0000e+00    2.8367e-02         +/-  4.33e+00  <none>
             sigmaPass    2.0000e+00    1.2127e-01         +/-  2.36e-02  <none>
                 tPass   -1.0000e-01   -3.3973e-14         +/-  2.05e-04  <none>


  Correlation Matrix
 --------------------
   1.0000  -0.0002  -0.1264   0.0213  -0.3648   0.5095   0.0746   0.0851  -0.0000   0.0003   0.0000   0.0000
  -0.0002   1.0000  -0.2213  -0.0000   0.0001  -0.0369  -0.0000  -0.0000   0.0252  -0.0000  -0.0836  -0.1275
  -0.1264  -0.2213   1.0000  -0.0040   0.0684  -0.0865  -0.0140  -0.0160  -0.0063  -0.0001   0.0208   0.0317
   0.0213  -0.0000  -0.0040   1.0000  -0.2061   0.0161  -0.0617   0.0372  -0.0000   0.0001   0.0000   0.0000
  -0.3648   0.0001   0.0684  -0.2061   1.0000  -0.2759  -0.2346  -0.0134   0.0000  -0.0001  -0.0000  -0.0000
   0.5095  -0.0369  -0.0865   0.0161  -0.2759   1.0000   0.0564   0.0644  -0.0011   0.0002   0.0035   0.0053
   0.0746  -0.0000  -0.0140  -0.0617  -0.2346   0.0564   1.0000   0.0383  -0.0000   0.0001   0.0000   0.0000
   0.0851  -0.0000  -0.0160   0.0372  -0.0134   0.0644   0.0383   1.0000  -0.0000   0.0035   0.0000   0.0000
  -0.0000   0.0252  -0.0063  -0.0000   0.0000  -0.0011  -0.0000  -0.0000   1.0000   0.0000   0.3606   0.0037
   0.0003  -0.0000  -0.0001   0.0001  -0.0001   0.0002   0.0001   0.0035   0.0000   1.0000   0.0000   0.0000
   0.0000  -0.0836   0.0208   0.0000  -0.0000   0.0035   0.0000   0.0000   0.3606   0.0000   1.0000   0.0122
   0.0000  -0.1275   0.0317   0.0000  -0.0000   0.0053   0.0000   0.0000   0.0037   0.0000   0.0122   1.0000
