
  RooFitResult: minimized FCN value: -6.62981e+06, estimated distance to minimum: 0.00741405
                covariance matrix quality: Full, accurate covariance matrix
                Status : MIGRAD=4 HESSE=0 MINOS=0 

    Constant Parameter    Value     
  --------------------  ------------
              peakFail    9.1188e+01

    Floating Parameter  InitialValue    FinalValue (+HiError,-LoError)    GblCorr.
  --------------------  ------------  ----------------------------------  --------
              NbkgFail    6.8428e+03    2.9966e+04         +/-  3.55e+02  <none>
              NbkgPass    5.0000e+01    8.8872e+03         +/-  3.60e+02  <none>
                  Nsig    6.3029e+05    7.4901e+05         +/-  9.83e+02  <none>
              alfaFail    5.0000e+01    4.6735e+01         +/-  3.23e+00  <none>
              betaFail    5.0000e-02    3.6032e-02         +/-  1.17e-02  <none>
                   eff    8.0000e-01    9.4865e-01 (+4.82e-04,-4.44e-04)  <none>
             gammaFail    1.0000e-01    1.9258e-02         +/-  2.02e-03  <none>
              meanFail    0.0000e+00   -2.5677e-01         +/-  3.01e-02  <none>
              meanPass    0.0000e+00   -2.0449e-02         +/-  5.00e-03  <none>
             sigmaFail    2.0000e+00    6.4287e-01         +/-  1.17e-01  <none>
             sigmaPass    2.0000e+00    7.0305e-01         +/-  1.52e-02  <none>
                 tPass   -1.0000e-01   -7.0424e-03         +/-  1.56e-03  <none>


  Correlation Matrix
 --------------------
   1.0000   0.0000  -0.2757   0.3730  -0.4390   0.7317   0.6069   0.0446  -0.0000  -0.4614   0.0000  -0.0000
   0.0000   1.0000  -0.3407  -0.0000   0.0000  -0.0489  -0.0000   0.0000   0.0202  -0.0000  -0.1589   0.0645
  -0.2757  -0.3407   1.0000  -0.1349   0.1587  -0.2467  -0.2194  -0.0161  -0.0074   0.1668   0.0581  -0.0236
   0.3730  -0.0000  -0.1349   1.0000   0.2455   0.3579   0.2829   0.1682   0.0000  -0.2187  -0.0000  -0.0001
  -0.4390   0.0000   0.1587   0.2455   1.0000  -0.4213  -0.8407   0.0940   0.0000   0.2738  -0.0001  -0.0001
   0.7317  -0.0489  -0.2467   0.3579  -0.4213   1.0000   0.5823   0.0428  -0.0011  -0.4427   0.0084  -0.0034
   0.6069  -0.0000  -0.2194   0.2829  -0.8407   0.5823   1.0000   0.0254  -0.0000  -0.3637   0.0000   0.0000
   0.0446   0.0000  -0.0161   0.1682   0.0940   0.0428   0.0254   1.0000   0.0000  -0.0099  -0.0000  -0.0000
  -0.0000   0.0202  -0.0074   0.0000   0.0000  -0.0011  -0.0000   0.0000   1.0000   0.0000  -0.0905  -0.1095
  -0.4614  -0.0000   0.1668  -0.2187   0.2738  -0.4427  -0.3637  -0.0099   0.0000   1.0000  -0.0000  -0.0000
   0.0000  -0.1589   0.0581  -0.0000  -0.0001   0.0084   0.0000  -0.0000  -0.0905  -0.0000   1.0000  -0.0180
  -0.0000   0.0645  -0.0236  -0.0001  -0.0001  -0.0034   0.0000  -0.0000  -0.1095  -0.0000  -0.0180   1.0000
