
  RooFitResult: minimized FCN value: -1.53827e+06, estimated distance to minimum: 509.371
                covariance matrix quality: Full matrix, but forced positive-definite
                Status : MIGRAD=4 HESSE=0 MINOS=0 

    Constant Parameter    Value     
  --------------------  ------------
              peakFail    9.1188e+01

    Floating Parameter  InitialValue    FinalValue +/-  Error     GblCorr.
  --------------------  ------------  --------------------------  --------
              NbkgFail    2.8052e+03    7.6371e+03 +/-  3.76e+02  <none>
              NbkgPass    5.0000e+01    8.8103e+02 +/-  8.68e+01  <none>
                  Nsig    1.7542e+05    2.1077e+05 +/-  3.65e+02  <none>
              alfaFail    5.0000e+01    1.7911e+01 +/-  1.56e+02  <none>
              betaFail    5.0000e-02    3.3951e-02 +/-  4.04e-02  <none>
                   eff    8.0000e-01    9.0313e-01 +/-  1.26e-03  <none>
             gammaFail    1.0000e-01    1.7031e-02 +/-  8.55e-03  <none>
              meanFail    0.0000e+00   -1.0201e+00 +/-  2.36e-02  <none>
              meanPass    0.0000e+00   -6.1473e-01 +/-  5.78e-03  <none>
             sigmaFail    2.0000e+00    6.3856e-02 +/-  1.22e-01  <none>
             sigmaPass    2.0000e+00    1.6789e-01 +/-  7.16e-02  <none>
                 tPass   -1.0000e-01   -1.9244e-02 +/-  4.64e-03  <none>


  Correlation Matrix
 --------------------
   1.0000   0.0132  -0.6656   0.9811  -0.9699   0.9361   0.9792   0.0614  -0.0003  -0.0000   0.0001  -0.0014
   0.0132   1.0000   0.0656   0.0133  -0.0131   0.0238   0.0133   0.0008  -0.0196  -0.0000   0.0061  -0.0908
  -0.6656   0.0656   1.0000  -0.6712   0.6636  -0.6396  -0.6699  -0.0420  -0.0014   0.0000   0.0005  -0.0069
   0.9811   0.0133  -0.6712   1.0000  -0.9877   0.9441   0.9984   0.0612  -0.0003  -0.0000   0.0001  -0.0014
  -0.9699  -0.0131   0.6636  -0.9877   1.0000  -0.9333  -0.9870  -0.0607   0.0003   0.0000  -0.0001   0.0014
   0.9361   0.0238  -0.6396   0.9441  -0.9333   1.0000   0.9423   0.0591  -0.0005  -0.0000   0.0002  -0.0025
   0.9792   0.0133  -0.6699   0.9984  -0.9870   0.9423   1.0000   0.0640  -0.0003  -0.0000   0.0001  -0.0014
   0.0614   0.0008  -0.0420   0.0612  -0.0607   0.0591   0.0640   1.0000  -0.0000  -0.0002   0.0000  -0.0001
  -0.0003  -0.0196  -0.0014  -0.0003   0.0003  -0.0005  -0.0003  -0.0000   1.0000   0.0000  -0.0154  -0.0315
  -0.0000  -0.0000   0.0000  -0.0000   0.0000  -0.0000  -0.0000  -0.0002   0.0000   1.0000  -0.0000   0.0000
   0.0001   0.0061   0.0005   0.0001  -0.0001   0.0002   0.0001   0.0000  -0.0154  -0.0000   1.0000  -0.0014
  -0.0014  -0.0908  -0.0069  -0.0014   0.0014  -0.0025  -0.0014  -0.0001  -0.0315   0.0000  -0.0014   1.0000
