
  RooFitResult: minimized FCN value: -2.16813e+06, estimated distance to minimum: 0.0038415
                covariance matrix quality: Full matrix, but forced positive-definite
                Status : MIGRAD=4 HESSE=0 

    Constant Parameter    Value     
  --------------------  ------------
              peakFail    9.1188e+01

    Floating Parameter  InitialValue    FinalValue +/-  Error     GblCorr.
  --------------------  ------------  --------------------------  --------
              NbkgFail    4.4319e+03    4.4319e+03 +/-  6.62e+02  <none>
              NbkgPass    2.6389e+03    2.6385e+03 +/-  1.39e+02  <none>
                  Nsig    2.8169e+05    2.8169e+05 +/-  8.12e+02  <none>
              alfaFail    1.4035e+02    1.4033e+02 +/-  1.93e+01  <none>
              betaFail    1.4319e-02    1.4314e-02 +/-  2.36e-03  <none>
                   eff    9.6065e-01    9.6065e-01 +/-  2.21e-03  <none>
             gammaFail    6.0796e-05    3.5828e-05 +/-  4.01e-03  <none>
              meanFail   -3.6764e-01   -3.6774e-01 +/-  6.32e-02  <none>
              meanPass   -2.0689e-01   -2.0689e-01 +/-  7.69e-03  <none>
             sigmaFail    8.6293e-01    8.5931e-01 +/-  3.27e-01  <none>
             sigmaPass    4.6175e-01    4.6151e-01 +/-  2.69e-02  <none>
                 tPass   -2.8000e-13   -2.9294e-07 +/-  2.35e-04  <none>


  Correlation Matrix
 --------------------
   1.0000  -0.0049  -0.7689  -0.9268  -0.9395   0.9827  -0.9894  -0.6863  -0.0002  -0.9199   0.0005  -0.0000
  -0.0049   1.0000  -0.1311   0.0046   0.0046  -0.0119   0.0049   0.0034   0.0315   0.0045  -0.1001   0.0027
  -0.7689  -0.1311   1.0000   0.7194   0.7293  -0.7617   0.7680   0.5328  -0.0047   0.7141   0.0152  -0.0004
  -0.9268   0.0046   0.7194   1.0000   0.7900  -0.9195   0.9312   0.6344   0.0002   0.8615  -0.0005   0.0000
  -0.9395   0.0046   0.7293   0.7900   1.0000  -0.9321   0.9534   0.6478   0.0002   0.8721  -0.0004   0.0000
   0.9827  -0.0119  -0.7617  -0.9195  -0.9321   1.0000  -0.9815  -0.6809  -0.0005  -0.9126   0.0013  -0.0000
  -0.9894   0.0049   0.7680   0.9312   0.9534  -0.9815   1.0000   0.6882   0.0002   0.9182  -0.0005   0.0000
  -0.6863   0.0034   0.5328   0.6344   0.6478  -0.6809   0.6882   1.0000   0.0002   0.6722  -0.0003   0.0000
  -0.0002   0.0315  -0.0047   0.0002   0.0002  -0.0005   0.0002   0.0002   1.0000   0.0002   0.1747  -0.0001
  -0.9199   0.0045   0.7141   0.8615   0.8721  -0.9126   0.9182   0.6722   0.0002   1.0000  -0.0004   0.0000
   0.0005  -0.1001   0.0152  -0.0005  -0.0004   0.0013  -0.0005  -0.0003   0.1747  -0.0004   1.0000  -0.0003
  -0.0000   0.0027  -0.0004   0.0000   0.0000  -0.0000   0.0000   0.0000  -0.0001   0.0000  -0.0003   1.0000
