
  RooFitResult: minimized FCN value: -212585, estimated distance to minimum: 0.000134842
                covariance matrix quality: Full, accurate covariance matrix
                Status : MIGRAD=0 HESSE=0 MINOS=0 

    Constant Parameter    Value     
  --------------------  ------------
              peakFail    9.1188e+01

    Floating Parameter  InitialValue    FinalValue +/-  Error     GblCorr.
  --------------------  ------------  --------------------------  --------
              NbkgFail    6.2510e+02    1.3076e+03 +/-  6.40e+01  <none>
              NbkgPass    5.0000e+01    1.8862e+02 +/-  7.39e+01  <none>
                  Nsig    3.2363e+04    3.8958e+04 +/-  2.17e+02  <none>
              alfaFail    5.0000e+01    6.2438e+00 +/-  1.13e+02  <none>
              betaFail    5.0000e-02    1.0406e-01 +/-  1.41e-01  <none>
                   eff    8.0000e-01    8.7311e-01 +/-  2.07e-03  <none>
             gammaFail    1.0000e-01    1.9702e-02 +/-  2.25e-03  <none>
              meanFail    0.0000e+00   -1.2608e+00 +/-  9.03e-02  <none>
              meanPass    0.0000e+00   -8.0036e-01 +/-  2.52e-02  <none>
             sigmaFail    2.0000e+00    2.2609e-02 +/-  9.67e-01  <none>
             sigmaPass    2.0000e+00    1.6912e-01 +/-  9.48e-02  <none>
                 tPass   -1.0000e-01   -1.0802e-07 +/-  6.10e-03  <none>


  Correlation Matrix
 --------------------
   1.0000  -0.0001  -0.2007  -0.0000   0.0000   0.4708  -0.2074  -0.0251  -0.0000   0.0001   0.0000   0.0000
  -0.0001   1.0000  -0.3291   0.0000  -0.0000  -0.1122   0.0000   0.0000   0.0403   0.0000  -0.1240  -0.0103
  -0.2007  -0.3291   1.0000   0.0000  -0.0000  -0.1007   0.0611   0.0074  -0.0137  -0.0000   0.0423   0.0035
  -0.0000   0.0000   0.0000   1.0000  -0.0176  -0.0000  -0.0000  -0.0000  -0.0000   0.0000   0.0000  -0.0000
   0.0000  -0.0000  -0.0000  -0.0176   1.0000   0.0000   0.0001   0.0000   0.0000  -0.0000   0.0000   0.0000
   0.4708  -0.1122  -0.1007  -0.0000   0.0000   1.0000  -0.1434  -0.0173  -0.0047   0.0000   0.0144   0.0012
  -0.2074   0.0000   0.0611  -0.0000   0.0001  -0.1434   1.0000   0.1675   0.0000  -0.0000  -0.0000  -0.0000
  -0.0251   0.0000   0.0074  -0.0000   0.0000  -0.0173   0.1675   1.0000   0.0000   0.0000  -0.0000  -0.0000
  -0.0000   0.0403  -0.0137  -0.0000   0.0000  -0.0047   0.0000   0.0000   1.0000  -0.0000  -0.1567   0.0025
   0.0001   0.0000  -0.0000   0.0000  -0.0000   0.0000  -0.0000   0.0000  -0.0000   1.0000  -0.0000   0.0000
   0.0000  -0.1240   0.0423   0.0000   0.0000   0.0144  -0.0000  -0.0000  -0.1567  -0.0000   1.0000   0.0012
   0.0000  -0.0103   0.0035  -0.0000   0.0000   0.0012  -0.0000  -0.0000   0.0025   0.0000   0.0012   1.0000
