
  RooFitResult: minimized FCN value: -409106, estimated distance to minimum: 0.0149478
                covariance matrix quality: Full matrix, but forced positive-definite
                Status : MIGRAD=0 HESSE=0 MINOS=0 

    Constant Parameter    Value     
  --------------------  ------------
              peakFail    9.1188e+01

    Floating Parameter  InitialValue    FinalValue (+HiError,-LoError)    GblCorr.
  --------------------  ------------  ----------------------------------  --------
              NbkgFail    3.9990e+02    4.5830e+02         +/-  3.33e+01  <none>
              NbkgPass    5.0000e+01    2.6000e+02         +/-  5.08e+01  <none>
                  Nsig    5.3798e+04    6.6534e+04         +/-  2.38e+02  <none>
              alfaFail    5.1000e+01    8.0000e+01         +/-  2.43e+01  <none>
              betaFail    5.0000e-02    4.8562e-02         +/-  1.24e-01  <none>
                   eff    8.0000e-01    9.4678e-01 (+9.65e-04,-9.73e-04)  <none>
             gammaFail    1.0000e-01    3.1613e-07         +/-  5.08e-02  <none>
              meanFail    0.0000e+00   -1.8238e-01         +/-  8.59e-02  <none>
              meanPass    0.0000e+00   -1.4270e-01         +/-  1.74e-02  <none>
             sigmaFail    2.0000e+00    9.2132e-01         +/-  3.12e-01  <none>
             sigmaPass    2.0000e+00    1.0345e+00         +/-  5.63e-02  <none>
                 tPass   -1.0000e-01   -1.8813e-09         +/-  8.90e-04  <none>


  Correlation Matrix
 --------------------
   1.0000   0.0001   0.0783   0.2156  -0.2667  -0.3109  -0.2524   0.0978   0.0000  -0.1063  -0.0000  -0.0000
   0.0001   1.0000  -0.1604  -0.0001   0.0000  -0.0358   0.0000   0.0000   0.0243   0.0001  -0.1434  -0.0026
   0.0783  -0.1604   1.0000   0.0271  -0.0335  -0.0326  -0.0317   0.0123  -0.0043  -0.0134   0.0255   0.0005
   0.2156  -0.0001   0.0271   1.0000  -0.9733  -0.1079  -0.9801   0.1396  -0.0000  -0.7637  -0.0000  -0.0000
  -0.2667   0.0000  -0.0335  -0.9733   1.0000   0.1334   0.9971  -0.1377   0.0000   0.7725   0.0000   0.0000
  -0.3109  -0.0358  -0.0326  -0.1079   0.1334   1.0000   0.1263  -0.0488  -0.0010   0.0534   0.0057   0.0001
  -0.2524   0.0000  -0.0317  -0.9801   0.9971   0.1263   1.0000  -0.1284   0.0000   0.7735   0.0000   0.0000
   0.0978   0.0000   0.0123   0.1396  -0.1377  -0.0488  -0.1284   1.0000   0.0000  -0.0998  -0.0000  -0.0000
   0.0000   0.0243  -0.0043  -0.0000   0.0000  -0.0010   0.0000   0.0000   1.0000   0.0000  -0.0798   0.0002
  -0.1063   0.0001  -0.0134  -0.7637   0.7725   0.0534   0.7735  -0.0998   0.0000   1.0000   0.0000   0.0000
  -0.0000  -0.1434   0.0255  -0.0000   0.0000   0.0057   0.0000  -0.0000  -0.0798   0.0000   1.0000   0.0003
  -0.0000  -0.0026   0.0005  -0.0000   0.0000   0.0001   0.0000  -0.0000   0.0002   0.0000   0.0003   1.0000
