
  RooFitResult: minimized FCN value: 56.6431, estimated distance to minimum: 7.37153e+08
                covariance matrix quality: Full matrix, but forced positive-definite
                Status : MIGRAD=4 HESSE=0 

    Constant Parameter    Value     
  --------------------  ------------
              peakFail    9.1188e+01

    Floating Parameter  InitialValue    FinalValue +/-  Error     GblCorr.
  --------------------  ------------  --------------------------  --------
              NbkgFail    3.0361e+00    3.0361e+00 +/-  1.60e+00  <none>
              NbkgPass    1.1168e+01    1.1168e+01 +/-  4.18e+00  <none>
                  Nsig    8.9795e+01    8.9795e+01 +/-  8.86e+00  <none>
              alfaFail    1.3815e+02    1.3815e+02 +/-  1.64e+02  <none>
              betaFail    5.4424e-02    5.4424e-02 +/-  1.04e-01  <none>
                   eff    9.3359e-01    9.3359e-01 +/-  2.42e-02  <none>
             gammaFail    7.1205e-06    7.1205e-06 +/-  8.33e-01  <none>
              meanFail   -6.6000e-01   -6.6000e-01 +/-  3.60e-01  <none>
              meanPass    4.4292e-01    4.4292e-01 +/-  3.32e-01  <none>
             sigmaFail    4.9171e-04    1.9691e-04 +/-  3.92e+00  <none>
             sigmaPass    7.7281e-01    7.7281e-01 +/-  7.98e-01  <none>
                 tPass   -1.6371e-03   -1.6371e-03 +/-  4.40e-02  <none>


  Correlation Matrix
 --------------------
   1.0000   0.0000  -0.0166   0.2728   0.2710   0.0631   0.2805   0.0281  -0.0000  -0.0040  -0.0000   0.0000
   0.0000   1.0000  -0.1907   0.0001   0.0001  -0.0516   0.0001   0.0000  -0.0657  -0.0000  -0.1611   0.1473
  -0.0166  -0.1907   1.0000  -0.0505  -0.0502   0.0107  -0.0519  -0.0052   0.0284   0.0007   0.0698  -0.0638
   0.2728   0.0001  -0.0505   1.0000   0.9260   0.1921   0.9756   0.0862  -0.0000  -0.0125  -0.0000   0.0000
   0.2710   0.0001  -0.0502   0.9260   1.0000   0.1908   0.9827   0.0855  -0.0000  -0.0124  -0.0000   0.0000
   0.0631  -0.0516   0.0107   0.1921   0.1908   1.0000   0.1975   0.0198   0.0077  -0.0028   0.0189  -0.0173
   0.2805   0.0001  -0.0519   0.9756   0.9827   0.1975   1.0000   0.0885  -0.0000  -0.0128  -0.0000   0.0000
   0.0281   0.0000  -0.0052   0.0862   0.0855   0.0198   0.0885   1.0000  -0.0000  -0.1548  -0.0000   0.0000
  -0.0000  -0.0657   0.0284  -0.0000  -0.0000   0.0077  -0.0000  -0.0000   1.0000   0.0000  -0.0465  -0.1092
  -0.0040  -0.0000   0.0007  -0.0125  -0.0124  -0.0028  -0.0128  -0.1548   0.0000   1.0000   0.0000  -0.0000
  -0.0000  -0.1611   0.0698  -0.0000  -0.0000   0.0189  -0.0000  -0.0000  -0.0465   0.0000   1.0000  -0.0951
   0.0000   0.1473  -0.0638   0.0000   0.0000  -0.0173   0.0000   0.0000  -0.1092  -0.0000  -0.0951   1.0000
