
  RooFitResult: minimized FCN value: -106852, estimated distance to minimum: 0.000303664
                covariance matrix quality: Full, accurate covariance matrix
                Status : MIGRAD=0 HESSE=0 MINOS=0 

    Constant Parameter    Value     
  --------------------  ------------
              peakFail    9.1188e+01

    Floating Parameter  InitialValue    FinalValue (+HiError,-LoError)    GblCorr.
  --------------------  ------------  ----------------------------------  --------
              NbkgFail    1.4190e+02    2.9028e+02         +/-  3.88e+01  <none>
              NbkgPass    5.0000e+01    9.6226e+01         +/-  5.48e+01  <none>
                  Nsig    1.7950e+04    2.2051e+04         +/-  1.62e+02  <none>
              alfaFail    5.1000e+01    8.0000e+01         +/-  1.95e+01  <none>
              betaFail    5.0000e-02    1.9584e-02         +/-  8.71e-03  <none>
                   eff    8.0000e-01    9.4881e-01 (+1.92e-03,-1.92e-03)  <none>
             gammaFail    1.0000e-01    4.6074e-07         +/-  2.22e-03  <none>
              meanFail    0.0000e+00    1.4021e-01         +/-  2.20e-01  <none>
              meanPass    0.0000e+00    1.5852e-01         +/-  3.79e-02  <none>
             sigmaFail    2.0000e+00    1.4833e+00         +/-  3.12e-01  <none>
             sigmaPass    2.0000e+00    1.2425e+00         +/-  1.04e-01  <none>
                 tPass   -1.0000e-01   -3.7460e-02         +/-  3.45e-02  <none>


  Correlation Matrix
 --------------------
   1.0000   0.0001  -0.1935   0.1418   0.2086   0.6378  -0.5306  -0.2205  -0.0000  -0.3087   0.0000   0.0001
   0.0001   1.0000   0.3276   0.0000   0.0000   0.0582  -0.0001  -0.0000  -0.0818  -0.0000   0.2138   0.9046
  -0.1935   0.3276   1.0000  -0.0340  -0.0500  -0.1332   0.1272   0.0529  -0.0277   0.0740   0.0724   0.3062
   0.1418   0.0000  -0.0340   1.0000   0.0829   0.1121  -0.2828  -0.0169  -0.0000  -0.0633   0.0000   0.0000
   0.2086   0.0000  -0.0500   0.0829   1.0000   0.1648  -0.7616  -0.0586  -0.0000  -0.1217   0.0000   0.0000
   0.6378   0.0582  -0.1332   0.1121   0.1648   1.0000  -0.4192  -0.1742  -0.0049  -0.2439   0.0129   0.0544
  -0.5306  -0.0001   0.1272  -0.2828  -0.7616  -0.4192   1.0000   0.2214   0.0000   0.2228  -0.0000  -0.0000
  -0.2205  -0.0000   0.0529  -0.0169  -0.0586  -0.1742   0.2214   1.0000   0.0000   0.1899  -0.0000  -0.0000
  -0.0000  -0.0818  -0.0277  -0.0000  -0.0000  -0.0049   0.0000   0.0000   1.0000   0.0000   0.0077  -0.0489
  -0.3087  -0.0000   0.0740  -0.0633  -0.1217  -0.2439   0.2228   0.1899   0.0000   1.0000  -0.0000  -0.0000
   0.0000   0.2138   0.0724   0.0000   0.0000   0.0129  -0.0000  -0.0000   0.0077  -0.0000   1.0000   0.1828
   0.0001   0.9046   0.3062   0.0000   0.0000   0.0544  -0.0000  -0.0000  -0.0489  -0.0000   0.1828   1.0000
