
  RooFitResult: minimized FCN value: -6.64797e+06, estimated distance to minimum: 0.000608386
                covariance matrix quality: Full matrix, but forced positive-definite
                Status : MIGRAD=0 HESSE=0 

    Constant Parameter    Value     
  --------------------  ------------
              peakFail    9.1188e+01

    Floating Parameter  InitialValue    FinalValue +/-  Error     GblCorr.
  --------------------  ------------  --------------------------  --------
              NbkgFail    1.4251e+04    1.4258e+04 +/-  1.37e+03  <none>
              NbkgPass    1.5237e+03    1.5223e+03 +/-  2.27e+02  <none>
                  Nsig    7.6711e+05    7.6711e+05 +/-  1.63e+03  <none>
              alfaFail    7.1898e+01    7.1921e+01 +/-  3.06e+00  <none>
              betaFail    7.5018e-02    7.4959e-02 +/-  6.36e-03  <none>
                   eff    9.4738e-01    9.4739e-01 +/-  1.70e-03  <none>
             gammaFail    2.5508e-02    2.5565e-02 +/-  7.88e-03  <none>
              meanFail   -7.5364e-01   -7.5361e-01 +/-  6.58e-02  <none>
              meanPass   -5.5361e-01   -5.5360e-01 +/-  5.15e-03  <none>
             sigmaFail    2.9011e-01    2.5020e-01 +/-  8.56e-01  <none>
             sigmaPass    6.3526e-01    6.3478e-01 +/-  2.64e-02  <none>
                 tPass   -3.6163e-09   -7.6223e-10 +/-  5.22e-04  <none>


  Correlation Matrix
 --------------------
   1.0000  -0.0012  -0.8302   0.9608  -0.7443   0.9850   0.9759   0.8830  -0.0000  -0.9769   0.0002   0.0000
  -0.0012   1.0000  -0.1336  -0.0011   0.0009  -0.0100  -0.0012  -0.0010   0.0157   0.0012  -0.1702  -0.0014
  -0.8302  -0.1336   1.0000  -0.8037   0.6226  -0.8227  -0.8163  -0.7386  -0.0022   0.8172   0.0234   0.0002
   0.9608  -0.0011  -0.8037   1.0000  -0.8683   0.9536   0.9922   0.8227  -0.0000  -0.9406   0.0002   0.0000
  -0.7443   0.0009   0.6226  -0.8683   1.0000  -0.7387  -0.8214  -0.5806   0.0000   0.7274  -0.0002  -0.0000
   0.9850  -0.0100  -0.8227   0.9536  -0.7387   1.0000   0.9685   0.8763  -0.0002  -0.9695   0.0018   0.0000
   0.9759  -0.0012  -0.8163   0.9922  -0.8214   0.9685   1.0000   0.8552  -0.0000  -0.9562   0.0002   0.0000
   0.8830  -0.0010  -0.7386   0.8227  -0.5806   0.8763   0.8552   1.0000  -0.0000  -0.8948   0.0002   0.0000
  -0.0000   0.0157  -0.0022  -0.0000   0.0000  -0.0002  -0.0000  -0.0000   1.0000   0.0000  -0.1290   0.0007
  -0.9769   0.0012   0.8172  -0.9406   0.7274  -0.9695  -0.9562  -0.8948   0.0000   1.0000  -0.0002  -0.0000
   0.0002  -0.1702   0.0234   0.0002  -0.0002   0.0018   0.0002   0.0002  -0.1290  -0.0002   1.0000   0.0003
   0.0000  -0.0014   0.0002   0.0000  -0.0000   0.0000   0.0000   0.0000   0.0007  -0.0000   0.0003   1.0000
