
  RooFitResult: minimized FCN value: -786928, estimated distance to minimum: 0.00213238
                covariance matrix quality: Full, accurate covariance matrix
                Status : MIGRAD=4 HESSE=0 MINOS=0 

    Constant Parameter    Value     
  --------------------  ------------
              peakFail    9.1188e+01

    Floating Parameter  InitialValue    FinalValue (+HiError,-LoError)    GblCorr.
  --------------------  ------------  ----------------------------------  --------
              NbkgFail    2.5119e+03    1.4231e+04         +/-  2.13e+02  <none>
              NbkgPass    5.0000e+01    4.3446e+03         +/-  2.17e+02  <none>
                  Nsig    1.0418e+05    1.1165e+05         +/-  4.30e+02  <none>
              alfaFail    5.1000e+01    5.7697e+01         +/-  5.02e-01  <none>
              betaFail    5.0000e-02    2.0000e-01         +/-  1.42e-02  <none>
                   eff    8.0000e-01    9.0248e-01 (+1.65e-03,-1.67e-03)  <none>
             gammaFail    1.0000e-01    3.8195e-02         +/-  7.43e-04  <none>
              meanFail    0.0000e+00   -1.7679e+00         +/-  9.12e-02  <none>
              meanPass    0.0000e+00   -9.2901e-01         +/-  1.89e-02  <none>
             sigmaFail    2.0000e+00    1.2890e-01         +/-  1.92e-01  <none>
             sigmaPass    2.0000e+00    8.7942e-01         +/-  7.72e-02  <none>
                 tPass   -1.0000e-01   -4.2679e-02         +/-  2.27e-03  <none>


  Correlation Matrix
 --------------------
   1.0000  -0.0064  -0.3399   0.1196   0.0186   0.7050  -0.0689  -0.0795  -0.0009  -0.2425   0.0038  -0.0014
  -0.0064   1.0000  -0.4524  -0.0018  -0.0003  -0.1078  -0.0017  -0.0036   0.0765   0.0013  -0.2497   0.1727
  -0.3399  -0.4524   1.0000  -0.0571  -0.0089  -0.2961   0.0389   0.0450  -0.0379   0.1207   0.1233  -0.0857
   0.1196  -0.0018  -0.0571   1.0000  -0.4522   0.1198   0.3750   0.0376  -0.0006  -0.0517   0.0031  -0.0006
   0.0186  -0.0003  -0.0089  -0.4522   1.0000   0.0187   0.0587   0.0110  -0.0001  -0.0006   0.0005  -0.0001
   0.7050  -0.1078  -0.2961   0.1198   0.0187   1.0000  -0.0761  -0.0820  -0.0097  -0.2480   0.0328  -0.0208
  -0.0689  -0.0017   0.0389   0.3750   0.0587  -0.0761   1.0000   0.2613  -0.0013   0.1259   0.0068  -0.0010
  -0.0795  -0.0036   0.0450   0.0376   0.0110  -0.0820   0.2613   1.0000  -0.0017   0.2031   0.0085  -0.0014
  -0.0009   0.0765  -0.0379  -0.0006  -0.0001  -0.0097  -0.0013  -0.0017   1.0000  -0.0001  -0.1922  -0.0890
  -0.2425   0.0013   0.1207  -0.0517  -0.0006  -0.2480   0.1259   0.2031  -0.0001   1.0000   0.0006   0.0002
   0.0038  -0.2497   0.1233   0.0031   0.0005   0.0328   0.0068   0.0085  -0.1922   0.0006   1.0000  -0.1416
  -0.0014   0.1727  -0.0857  -0.0006  -0.0001  -0.0208  -0.0010  -0.0014  -0.0890   0.0002  -0.1416   1.0000
