
  RooFitResult: minimized FCN value: -786527, estimated distance to minimum: 0.0205424
                covariance matrix quality: Full matrix, but forced positive-definite
                Status : MIGRAD=4 HESSE=0 MINOS=0 

    Constant Parameter    Value     
  --------------------  ------------
              peakFail    9.1188e+01

    Floating Parameter  InitialValue    FinalValue (+HiError,-LoError)    GblCorr.
  --------------------  ------------  ----------------------------------  --------
              NbkgFail    2.5119e+03    5.6839e+03         +/-  1.37e+02  <none>
              NbkgPass    5.0000e+01    4.3347e+03         +/-  2.17e+02  <none>
                  Nsig    1.0418e+05    1.2021e+05         +/-  4.14e+02  <none>
              alfaFail    5.0000e+01    1.2301e+02         +/-  3.50e+00  <none>
              betaFail    5.0000e-02    8.5853e-02         +/-  2.64e-03  <none>
                   eff    8.0000e-01    8.3832e-01 (+1.49e-03,-1.45e-03)  <none>
             gammaFail    1.0000e-01    8.8952e-01         +/-  1.73e-02  <none>
              meanFail    0.0000e+00   -2.1632e+00         +/-  1.02e-01  <none>
              meanPass    0.0000e+00   -9.2931e-01         +/-  1.87e-02  <none>
             sigmaFail    2.0000e+00    5.0000e+00         +/-  2.82e-03  <none>
             sigmaPass    2.0000e+00    8.8687e-01         +/-  7.63e-02  <none>
                 tPass   -1.0000e-01   -4.2737e-02         +/-  2.28e-03  <none>


  Correlation Matrix
 --------------------
   1.0000  -0.0020  -0.2273   0.2954  -0.3065   0.4941  -0.1251   0.3354  -0.0002   0.0037   0.0006  -0.0005
  -0.0020   1.0000  -0.4647  -0.0009   0.0010  -0.1949   0.0004  -0.0010   0.0748  -0.0000  -0.2638   0.2218
  -0.2273  -0.4647   1.0000  -0.0957   0.0993  -0.0613   0.0406  -0.1088  -0.0383  -0.0012   0.1349  -0.1132
   0.2954  -0.0009  -0.0957   1.0000  -0.9408   0.2083   0.1974   0.2181  -0.0001   0.0018   0.0003  -0.0002
  -0.3065   0.0010   0.0993  -0.9408   1.0000  -0.2161   0.1355  -0.2238   0.0001  -0.0016  -0.0003   0.0002
   0.4941  -0.1949  -0.0613   0.2083  -0.2161   1.0000  -0.0883   0.2367  -0.0161   0.0026   0.0566  -0.0475
  -0.1251   0.0004   0.0406   0.1974   0.1355  -0.0883   1.0000  -0.0669   0.0000  -0.0009  -0.0001   0.0001
   0.3354  -0.0010  -0.1088   0.2181  -0.2238   0.2367  -0.0669   1.0000  -0.0001   0.0053   0.0003  -0.0002
  -0.0002   0.0748  -0.0383  -0.0001   0.0001  -0.0161   0.0000  -0.0001   1.0000  -0.0000  -0.1985  -0.0788
   0.0037  -0.0000  -0.0012   0.0018  -0.0016   0.0026  -0.0009   0.0053  -0.0000   1.0000   0.0000  -0.0000
   0.0006  -0.2638   0.1349   0.0003  -0.0003   0.0566  -0.0001   0.0003  -0.1985   0.0000   1.0000  -0.1633
  -0.0005   0.2218  -0.1132  -0.0002   0.0002  -0.0475   0.0001  -0.0002  -0.0788  -0.0000  -0.1633   1.0000
