
  RooFitResult: minimized FCN value: -3.28757e+06, estimated distance to minimum: 0.22581
                covariance matrix quality: Full matrix, but forced positive-definite
                Status : MIGRAD=4 HESSE=0 

    Constant Parameter    Value     
  --------------------  ------------
              peakFail    9.1188e+01

    Floating Parameter  InitialValue    FinalValue +/-  Error     GblCorr.
  --------------------  ------------  --------------------------  --------
              NbkgFail    6.9501e+03    6.9202e+03 +/-  1.10e+02  <none>
              NbkgPass    1.0035e+03    9.8173e+02 +/-  1.43e+03  <none>
                  Nsig    4.0830e+05    4.0837e+05 +/-  1.09e+03  <none>
              alfaFail    7.7440e+01    7.7436e+01 +/-  3.01e-01  <none>
              betaFail    7.9499e-02    7.8691e-02 +/-  1.93e-03  <none>
                   eff    9.0735e-01    9.0729e-01 +/-  4.55e-04  <none>
             gammaFail    2.1876e-02    2.1447e-02 +/-  1.00e-03  <none>
              meanFail   -7.6225e-01   -7.6554e-01 +/-  2.00e-02  <none>
              meanPass   -5.5877e-01   -5.5750e-01 +/-  5.42e-03  <none>
             sigmaFail    6.3823e-02    1.0188e-03 +/-  1.11e+00  <none>
             sigmaPass    3.4241e-01    3.5070e-01 +/-  6.28e-02  <none>
                 tPass   -3.5776e-06   -2.7059e-07 +/-  4.60e-02  <none>


  Correlation Matrix
 --------------------
   1.0000  -0.0059  -0.0378   0.1204   0.1616   0.2379   0.1853   0.0495   0.0000  -0.0220   0.0053   0.0059
  -0.0059   1.0000  -0.8810  -0.0013  -0.0018  -0.4955  -0.0020  -0.0005  -0.0040   0.0002  -0.9112  -0.9983
  -0.0378  -0.8810   1.0000  -0.0084  -0.0113   0.4180  -0.0130  -0.0035   0.0035   0.0015   0.8031   0.8799
   0.1204  -0.0013  -0.0084   1.0000  -0.3882   0.0532   0.4788  -0.0596   0.0000   0.0012   0.0012   0.0013
   0.1616  -0.0018  -0.0113  -0.3882   1.0000   0.0715   0.0993   0.0997   0.0000  -0.0118   0.0016   0.0018
   0.2379  -0.4955   0.4180   0.0532   0.0715   1.0000   0.0819   0.0219   0.0020  -0.0097   0.4517   0.4949
   0.1853  -0.0020  -0.0130   0.4788   0.0993   0.0819   1.0000   0.1018   0.0000  -0.0113   0.0018   0.0020
   0.0495  -0.0005  -0.0035  -0.0596   0.0997   0.0219   0.1018   1.0000   0.0000  -0.0143   0.0005   0.0005
   0.0000  -0.0040   0.0035   0.0000   0.0000   0.0020   0.0000   0.0000   1.0000  -0.0000  -0.0099   0.0055
  -0.0220   0.0002   0.0015   0.0012  -0.0118  -0.0097  -0.0113  -0.0143  -0.0000   1.0000  -0.0002  -0.0002
   0.0053  -0.9112   0.8031   0.0012   0.0016   0.4517   0.0018   0.0005  -0.0099  -0.0002   1.0000   0.9098
   0.0059  -0.9983   0.8799   0.0013   0.0018   0.4949   0.0020   0.0005   0.0055  -0.0002   0.9098   1.0000
