
  RooFitResult: minimized FCN value: -2.64967e+06, estimated distance to minimum: 44149.4
                covariance matrix quality: Full matrix, but forced positive-definite
                Status : MIGRAD=4 HESSE=0 MINOS=0 

    Constant Parameter    Value     
  --------------------  ------------
              peakFail    9.1188e+01

    Floating Parameter  InitialValue    FinalValue +/-  Error     GblCorr.
  --------------------  ------------  --------------------------  --------
              NbkgFail    3.3748e+03    9.2497e+03 +/-  4.85e+02  <none>
              NbkgPass    5.0000e+01    6.3981e+02 +/-  2.61e+02  <none>
                  Nsig    2.8275e+05    3.4354e+05 +/-  6.60e+02  <none>
              alfaFail    5.1000e+01    6.6418e+01 +/-  3.33e+00  <none>
              betaFail    5.0000e-02    1.2763e-01 +/-  5.97e-02  <none>
                   eff    8.0000e-01    9.2869e-01 +/-  1.21e-03  <none>
             gammaFail    1.0000e-01    3.0501e-02 +/-  7.47e-03  <none>
              meanFail    0.0000e+00   -7.0612e-01 +/-  4.77e-02  <none>
              meanPass    0.0000e+00   -6.8025e-01 +/-  7.57e-03  <none>
             sigmaFail    2.0000e+00    6.4621e-01 +/-  3.23e-01  <none>
             sigmaPass    2.0000e+00    8.2715e-01 +/-  3.47e-02  <none>
                 tPass   -1.0000e-01   -1.7203e-08 +/-  2.82e-03  <none>


  Correlation Matrix
 --------------------
   1.0000  -0.0160  -0.5948  -0.9550   0.9494   0.9334  -0.9611   0.6339   0.0011  -0.9134   0.0042   0.0132
  -0.0160   1.0000  -0.2688   0.0158  -0.0158  -0.0488   0.0159  -0.0105  -0.0712   0.0152  -0.2498  -0.8138
  -0.5948  -0.2688   1.0000   0.5873  -0.5839  -0.5647   0.5911  -0.3898   0.0194   0.5617   0.0676   0.2208
  -0.9550   0.0158   0.5873   1.0000  -0.9963  -0.9217   0.9937  -0.6563  -0.0011   0.9128  -0.0041  -0.0130
   0.9494  -0.0158  -0.5839  -0.9963   1.0000   0.9163  -0.9884   0.6536   0.0011  -0.9071   0.0041   0.0129
   0.9334  -0.0488  -0.5647  -0.9217   0.9163   1.0000  -0.9276   0.6118   0.0035  -0.8815   0.0124   0.0401
  -0.9611   0.0159   0.5911   0.9937  -0.9884  -0.9276   1.0000  -0.6376  -0.0011   0.9184  -0.0042  -0.0131
   0.6339  -0.0105  -0.3898  -0.6563   0.6536   0.6118  -0.6376   1.0000   0.0007  -0.6337   0.0027   0.0086
   0.0011  -0.0712   0.0194  -0.0011   0.0011   0.0035  -0.0011   0.0007   1.0000  -0.0011  -0.1322   0.1006
  -0.9134   0.0152   0.5617   0.9128  -0.9071  -0.8815   0.9184  -0.6337  -0.0011   1.0000  -0.0040  -0.0125
   0.0042  -0.2498   0.0676  -0.0041   0.0041   0.0124  -0.0042   0.0027  -0.1322  -0.0040   1.0000   0.2024
   0.0132  -0.8138   0.2208  -0.0130   0.0129   0.0401  -0.0131   0.0086   0.1006  -0.0125   0.2024   1.0000
