
  RooFitResult: minimized FCN value: -24032.2, estimated distance to minimum: 0.0021313
                covariance matrix quality: Full, accurate covariance matrix
                Status : MIGRAD=0 HESSE=0 MINOS=0 

    Constant Parameter    Value     
  --------------------  ------------
              peakFail    9.1188e+01

    Floating Parameter  InitialValue    FinalValue +/-  Error     GblCorr.
  --------------------  ------------  --------------------------  --------
              NbkgFail    3.5650e+02    2.9586e+03 +/-  1.76e+02  <none>
              NbkgPass    5.0000e+01    4.0704e+02 +/-  6.93e+01  <none>
                  Nsig    6.6696e+03    4.9713e+03 +/-  1.94e+02  <none>
              alfaFail    5.1000e+01    5.1941e+01 +/-  1.50e+01  <none>
              betaFail    5.0000e-02    1.9992e-01 +/-  2.00e-01  <none>
                   eff    8.0000e-01    8.7801e-01 +/-  3.00e-02  <none>
             gammaFail    1.0000e-01    3.0964e-02 +/-  1.41e-03  <none>
              meanFail    0.0000e+00   -3.9963e+00 +/-  2.46e-04  <none>
              meanPass    0.0000e+00   -7.3959e-01 +/-  1.37e-01  <none>
             sigmaFail    2.0000e+00    2.5890e-04 +/-  1.62e-06  <none>
             sigmaPass    2.0000e+00    1.0796e+00 +/-  3.73e-01  <none>
                 tPass   -1.0000e-01   -6.1175e-02 +/-  8.82e-03  <none>


  Correlation Matrix
 --------------------
   1.0000   0.0012  -0.8241   0.2237  -0.0904   0.9382   0.3848   0.7683   0.0001   0.0002  -0.0005   0.0005
   0.0012   1.0000  -0.3281   0.0003  -0.0001  -0.0504   0.0006   0.0010   0.0613   0.0000  -0.3594   0.3633
  -0.8241  -0.3281   1.0000  -0.2038   0.0824  -0.8364  -0.3506  -0.7000  -0.0220  -0.0002   0.1288  -0.1300
   0.2237   0.0003  -0.2038   1.0000  -0.5149   0.2320   0.3177   0.1660   0.0000   0.0001  -0.0001   0.0001
  -0.0904  -0.0001   0.0824  -0.5149   1.0000  -0.0938  -0.1271  -0.0672  -0.0000  -0.0000   0.0000  -0.0000
   0.9382  -0.0504  -0.8364   0.2320  -0.0938   1.0000   0.3992   0.7970  -0.0034   0.0003   0.0198  -0.0200
   0.3848   0.0006  -0.3506   0.3177  -0.1271   0.3992   1.0000   0.2094   0.0000   0.0001  -0.0002   0.0002
   0.7683   0.0010  -0.7000   0.1660  -0.0672   0.7970   0.2094   1.0000   0.0001   0.0003  -0.0004   0.0004
   0.0001   0.0613  -0.0220   0.0000  -0.0000  -0.0034   0.0000   0.0001   1.0000   0.0000  -0.0347  -0.1938
   0.0002   0.0000  -0.0002   0.0001  -0.0000   0.0003   0.0001   0.0003   0.0000   1.0000  -0.0000   0.0000
  -0.0005  -0.3594   0.1288  -0.0001   0.0000   0.0198  -0.0002  -0.0004  -0.0347  -0.0000   1.0000  -0.2799
   0.0005   0.3633  -0.1300   0.0001  -0.0000  -0.0200   0.0002   0.0004  -0.1938   0.0000  -0.2799   1.0000
