
  RooFitResult: minimized FCN value: -3.21214e+07, estimated distance to minimum: 6.93783e+06
                covariance matrix quality: Full, accurate covariance matrix
                Status : MIGRAD=4 HESSE=0 MINOS=0 

    Constant Parameter    Value     
  --------------------  ------------
              peakFail    9.1188e+01

    Floating Parameter  InitialValue    FinalValue +/-  Error     GblCorr.
  --------------------  ------------  --------------------------  --------
              NbkgFail    2.9282e+04    9.6711e+04 +/-  9.01e+02  <none>
              NbkgPass    5.0000e+01    1.8661e+04 +/-  6.66e+02  <none>
                  Nsig    2.5916e+06    3.1241e+06 +/-  2.06e+03  <none>
              alfaFail    5.0000e+01    4.9382e+01 +/-  7.72e+00  <none>
              betaFail    5.0000e-02    5.1680e-02 +/-  1.72e-02  <none>
                   eff    8.0000e-01    9.3723e-01 +/-  2.89e-04  <none>
             gammaFail    1.0000e-01    1.7041e-02 +/-  1.44e-03  <none>
              meanFail    0.0000e+00   -4.0951e-01 +/-  1.51e-02  <none>
              meanPass    0.0000e+00   -2.4162e-01 +/-  2.14e-03  <none>
             sigmaFail    2.0000e+00    6.1860e-02 +/-  2.33e-05  <none>
             sigmaPass    2.0000e+00    2.8441e-02 +/-  4.79e-03  <none>
                 tPass   -1.0000e-01   -1.5372e-03 +/-  1.20e-03  <none>


  Correlation Matrix
 --------------------
   1.0000  -0.0008   0.3857   0.8187   0.7590   0.8250   0.8292   0.5927   0.0000  -0.0001  -0.0001  -0.0000
  -0.0008   1.0000  -0.3028  -0.0007  -0.0006   0.0423  -0.0007  -0.0005  -0.0510   0.0000   0.1334   0.0071
   0.3857  -0.3028   1.0000   0.3585   0.3324   0.3478   0.3631   0.2596   0.0162  -0.0000  -0.0423  -0.0022
   0.8187  -0.0007   0.3585   1.0000   0.9798   0.7670   0.9608   0.6584   0.0000  -0.0001  -0.0001  -0.0000
   0.7590  -0.0006   0.3324   0.9798   1.0000   0.7111   0.8957   0.6214   0.0000  -0.0001  -0.0001  -0.0000
   0.8250   0.0423   0.3478   0.7670   0.7111   1.0000   0.7769   0.5553  -0.0023  -0.0001   0.0059   0.0003
   0.8292  -0.0007   0.3631   0.9608   0.8957   0.7769   1.0000   0.6724   0.0000  -0.0001  -0.0001  -0.0000
   0.5927  -0.0005   0.2596   0.6584   0.6214   0.5553   0.6724   1.0000   0.0000  -0.0001  -0.0001  -0.0000
   0.0000  -0.0510   0.0162   0.0000   0.0000  -0.0023   0.0000   0.0000   1.0000  -0.0000  -0.0454  -0.0226
  -0.0001   0.0000  -0.0000  -0.0001  -0.0001  -0.0001  -0.0001  -0.0001  -0.0000   1.0000   0.0000   0.0000
  -0.0001   0.1334  -0.0423  -0.0001  -0.0001   0.0059  -0.0001  -0.0001  -0.0454   0.0000   1.0000  -0.0014
  -0.0000   0.0071  -0.0022  -0.0000  -0.0000   0.0003  -0.0000  -0.0000  -0.0226   0.0000  -0.0014   1.0000
