
  RooFitResult: minimized FCN value: -2.22168e+06, estimated distance to minimum: 120565
                covariance matrix quality: Full matrix, but forced positive-definite
                Status : MIGRAD=4 HESSE=0 MINOS=0 

    Constant Parameter    Value     
  --------------------  ------------
              peakFail    9.1188e+01

    Floating Parameter  InitialValue    FinalValue +/-  Error     GblCorr.
  --------------------  ------------  --------------------------  --------
              NbkgFail    4.3723e+03    1.2387e+04 +/-  1.35e+02  <none>
              NbkgPass    5.0000e+01    5.7563e+02 +/-  1.76e+02  <none>
                  Nsig    2.4420e+05    2.9229e+05 +/-  4.45e+02  <none>
              alfaFail    5.1000e+01    6.6611e+01 +/-  2.52e+00  <none>
              betaFail    5.0000e-02    1.2138e-01 +/-  4.99e-02  <none>
                   eff    8.0000e-01    8.9279e-01 +/-  5.28e-04  <none>
             gammaFail    1.0000e-01    3.9025e-02 +/-  4.35e-03  <none>
              meanFail    0.0000e+00   -1.2439e+00 +/-  2.71e-02  <none>
              meanPass    0.0000e+00   -8.5500e-01 +/-  7.03e-03  <none>
             sigmaFail    2.0000e+00    5.1594e-01 +/-  8.54e-02  <none>
             sigmaPass    2.0000e+00    3.1851e-01 +/-  7.62e-02  <none>
                 tPass   -1.0000e-01   -3.0873e-06 +/-  2.08e-03  <none>


  Correlation Matrix
 --------------------
   1.0000  -0.0021  -0.1210  -0.1205   0.1176   0.3322  -0.1583   0.0792   0.0001  -0.2046   0.0001   0.0014
  -0.0021   1.0000  -0.2424   0.0005  -0.0005  -0.0811   0.0007  -0.0003  -0.0471   0.0009  -0.0127  -0.6641
  -0.1210  -0.2424   1.0000   0.0299  -0.0291  -0.0624   0.0392  -0.0196   0.0117   0.0506   0.0024   0.1639
  -0.1205   0.0005   0.0299   1.0000  -0.9977  -0.0819   0.9891  -0.2836  -0.0000   0.0741  -0.0000  -0.0003
   0.1176  -0.0005  -0.0291  -0.9977   1.0000   0.0800  -0.9855   0.2829   0.0000  -0.0727   0.0000   0.0003
   0.3322  -0.0811  -0.0624  -0.0819   0.0800   1.0000  -0.1076   0.0538   0.0039  -0.1390   0.0011   0.0549
  -0.1583   0.0007   0.0392   0.9891  -0.9855  -0.1076   1.0000  -0.2658  -0.0000   0.0915  -0.0000  -0.0004
   0.0792  -0.0003  -0.0196  -0.2836   0.2829   0.0538  -0.2658   1.0000   0.0000  -0.1635   0.0000   0.0002
   0.0001  -0.0471   0.0117  -0.0000   0.0000   0.0039  -0.0000   0.0000   1.0000  -0.0000  -0.0359   0.0780
  -0.2046   0.0009   0.0506   0.0741  -0.0727  -0.1390   0.0915  -0.1635  -0.0000   1.0000  -0.0000  -0.0006
   0.0001  -0.0127   0.0024  -0.0000   0.0000   0.0011  -0.0000   0.0000  -0.0359  -0.0000   1.0000   0.0075
   0.0014  -0.6641   0.1639  -0.0003   0.0003   0.0549  -0.0004   0.0002   0.0780  -0.0006   0.0075   1.0000
