
  RooFitResult: minimized FCN value: -4.28703e+06, estimated distance to minimum: 0.00184249
                covariance matrix quality: Full matrix, but forced positive-definite
                Status : MIGRAD=4 HESSE=0 

    Constant Parameter    Value     
  --------------------  ------------
              peakFail    9.1188e+01

    Floating Parameter  InitialValue    FinalValue +/-  Error     GblCorr.
  --------------------  ------------  --------------------------  --------
              NbkgFail    4.9852e+03    4.9848e+03 +/-  9.28e+01  <none>
              NbkgPass    1.1181e+03    1.1177e+03 +/-  1.58e+03  <none>
                  Nsig    5.1541e+05    5.1542e+05 +/-  1.17e+03  <none>
              alfaFail    8.0000e+01    7.9998e+01 +/-  1.38e-01  <none>
              betaFail    5.6138e-02    5.6105e-02 +/-  1.71e-03  <none>
                   eff    9.4103e-01    9.4103e-01 +/-  3.06e-04  <none>
             gammaFail    1.5450e-02    1.5465e-02 +/-  1.18e-03  <none>
              meanFail   -6.1686e-01   -6.1693e-01 +/-  2.16e-02  <none>
              meanPass   -4.4138e-01   -4.4144e-01 +/-  4.96e-03  <none>
             sigmaFail    1.8277e-01    1.5365e-01 +/-  9.82e-02  <none>
             sigmaPass    5.8070e-01    5.8040e-01 +/-  4.46e-02  <none>
                 tPass   -2.9019e-11   -2.6602e-07 +/-  4.36e-02  <none>


  Correlation Matrix
 --------------------
   1.0000  -0.0045  -0.0297  -0.0590   0.2575   0.2446   0.2444   0.0393   0.0011  -0.1661   0.0037   0.0045
  -0.0045   1.0000  -0.8753   0.0005  -0.0021  -0.3986  -0.0020  -0.0003  -0.2435   0.0014  -0.8307  -0.9984
  -0.0297  -0.8753   1.0000   0.0032  -0.0141   0.3340  -0.0134  -0.0021   0.2132   0.0091   0.7274   0.8742
  -0.0590   0.0005   0.0032   1.0000   0.2521  -0.0266  -0.4743   0.0576  -0.0001   0.0136  -0.0004  -0.0005
   0.2575  -0.0021  -0.0141   0.2521   1.0000   0.1160   0.2534   0.0432   0.0005  -0.0592   0.0018   0.0021
   0.2446  -0.3986   0.3340  -0.0266   0.1160   1.0000   0.1101   0.0177   0.0971  -0.0748   0.3313   0.3981
   0.2444  -0.0020  -0.0134  -0.4743   0.2534   0.1101   1.0000   0.0801   0.0005  -0.0620   0.0017   0.0020
   0.0393  -0.0003  -0.0021   0.0576   0.0432   0.0177   0.0801   1.0000   0.0001  -0.0481   0.0003   0.0003
   0.0011  -0.2435   0.2132  -0.0001   0.0005   0.0971   0.0005   0.0001   1.0000  -0.0003   0.2158   0.2446
  -0.1661   0.0014   0.0091   0.0136  -0.0592  -0.0748  -0.0620  -0.0481  -0.0003   1.0000  -0.0011  -0.0014
   0.0037  -0.8307   0.7274  -0.0004   0.0018   0.3313   0.0017   0.0003   0.2158  -0.0011   1.0000   0.8296
   0.0045  -0.9984   0.8742  -0.0005   0.0021   0.3981   0.0020   0.0003   0.2446  -0.0014   0.8296   1.0000
