
  RooFitResult: minimized FCN value: -722474, estimated distance to minimum: 2.69873e-06
                covariance matrix quality: Full, accurate covariance matrix
                Status : MIGRAD=4 HESSE=0 MINOS=0 

    Constant Parameter    Value     
  --------------------  ------------
              peakFail    9.1188e+01

    Floating Parameter  InitialValue    FinalValue (+HiError,-LoError)    GblCorr.
  --------------------  ------------  ----------------------------------  --------
              NbkgFail    3.0645e+03    8.7659e+03         +/-  1.48e+02  <none>
              NbkgPass    5.0000e+01    3.2259e+03         +/-  1.91e+02  <none>
                  Nsig    9.7159e+04    1.0946e+05         +/-  3.95e+02  <none>
              alfaFail    5.1000e+01    8.0000e+01         +/-  1.19e+00  <none>
              betaFail    5.0000e-02    9.1603e-02         +/-  3.11e-03  <none>
                   eff    8.0000e-01    8.0011e-01 (+1.50e-03,-1.50e-03)  <none>
             gammaFail    1.0000e-01    3.2249e-01         +/-  1.49e-02  <none>
              meanFail    0.0000e+00   -2.7177e+00         +/-  8.42e-02  <none>
              meanPass    0.0000e+00   -1.3274e+00         +/-  1.73e-02  <none>
             sigmaFail    2.0000e+00    5.0000e+00         +/-  1.87e-02  <none>
             sigmaPass    2.0000e+00    6.1285e-01         +/-  6.71e-02  <none>
                 tPass   -1.0000e-01   -5.3419e-02         +/-  3.82e-03  <none>


  Correlation Matrix
 --------------------
   1.0000  -0.0001  -0.2246  -0.0010  -0.4564   0.4304  -0.5188   0.3890  -0.0000   0.0513   0.0000  -0.0001
  -0.0001   1.0000  -0.4419   0.0000   0.0001  -0.2113   0.0001  -0.0001   0.0407  -0.0000  -0.1537   0.5386
  -0.2246  -0.4419   1.0000   0.0004   0.1708  -0.0589   0.1942  -0.1457  -0.0197  -0.0192   0.0745  -0.2609
  -0.0010   0.0000   0.0004   1.0000   0.0110  -0.0007  -0.0202  -0.0013  -0.0000  -0.0002   0.0000   0.0000
  -0.4564   0.0001   0.1708   0.0110   1.0000  -0.3275   0.9789  -0.3541   0.0000  -0.0360  -0.0000   0.0001
   0.4304  -0.2113  -0.0589  -0.0007  -0.3275   1.0000  -0.3723   0.2792  -0.0094   0.0368   0.0356  -0.1248
  -0.5188   0.0001   0.1942  -0.0202   0.9789  -0.3723   1.0000  -0.4020   0.0000  -0.0450  -0.0000   0.0001
   0.3890  -0.0001  -0.1457  -0.0013  -0.3541   0.2792  -0.4020   1.0000  -0.0000   0.0552   0.0000  -0.0000
  -0.0000   0.0407  -0.0197  -0.0000   0.0000  -0.0094   0.0000  -0.0000   1.0000  -0.0000  -0.1740  -0.0248
   0.0513  -0.0000  -0.0192  -0.0002  -0.0360   0.0368  -0.0450   0.0552  -0.0000   1.0000   0.0000  -0.0000
   0.0000  -0.1537   0.0745   0.0000  -0.0000   0.0356  -0.0000   0.0000  -0.1740   0.0000   1.0000  -0.1299
  -0.0001   0.5386  -0.2609   0.0000   0.0001  -0.1248   0.0001  -0.0000  -0.0248  -0.0000  -0.1299   1.0000
