
  RooFitResult: minimized FCN value: -156314, estimated distance to minimum: 5.72972
                covariance matrix quality: Full matrix, but forced positive-definite
                Status : MIGRAD=4 HESSE=0 MINOS=0 

    Constant Parameter    Value     
  --------------------  ------------
              peakFail    9.1188e+01

    Floating Parameter  InitialValue    FinalValue +/-  Error     GblCorr.
  --------------------  ------------  --------------------------  --------
              NbkgFail    4.9050e+02    1.7162e+03 +/-  7.82e+01  <none>
              NbkgPass    5.0000e+01    2.9289e+02 +/-  6.13e+01  <none>
                  Nsig    2.6653e+04    3.1307e+04 +/-  1.36e+02  <none>
              alfaFail    5.0000e+01    4.0196e+01 +/-  1.45e+02  <none>
              betaFail    5.0000e-02    1.1028e-01 +/-  1.43e-01  <none>
                   eff    8.0000e-01    8.9814e-01 +/-  2.10e-03  <none>
             gammaFail    1.0000e-01    3.2896e-02 +/-  5.25e-03  <none>
              meanFail    0.0000e+00   -2.3751e-01 +/-  2.49e-01  <none>
              meanPass    0.0000e+00   -7.3974e-01 +/-  3.58e-02  <none>
             sigmaFail    2.0000e+00    2.8716e+00 +/-  3.10e-01  <none>
             sigmaPass    2.0000e+00    1.2577e+00 +/-  1.04e-01  <none>
                 tPass   -1.0000e-01   -2.6556e-02 +/-  7.90e-03  <none>


  Correlation Matrix
 --------------------
   1.0000  -0.0139  -0.3293   0.8042   0.8029   0.7151  -0.7885  -0.5134  -0.0009   0.3845   0.0022   0.0055
  -0.0139   1.0000  -0.2077  -0.0138  -0.0138  -0.0640   0.0136   0.0088   0.0624  -0.0066  -0.1442  -0.3694
  -0.3293  -0.2077   1.0000  -0.3263  -0.3257  -0.2784   0.3199   0.2082  -0.0139  -0.1558   0.0323   0.0824
   0.8042  -0.0138  -0.3263   1.0000   0.9984   0.7088  -0.9667  -0.6794  -0.0009   0.5536   0.0022   0.0055
   0.8029  -0.0138  -0.3257   0.9984   1.0000   0.7076  -0.9651  -0.6783  -0.0009   0.5527   0.0022   0.0055
   0.7151  -0.0640  -0.2784   0.7088   0.7076   1.0000  -0.6950  -0.4524  -0.0043   0.3388   0.0100   0.0254
  -0.7885   0.0136   0.3199  -0.9667  -0.9651  -0.6950   1.0000   0.6171   0.0009  -0.5582  -0.0021  -0.0054
  -0.5134   0.0088   0.2082  -0.6794  -0.6783  -0.4524   0.6171   1.0000   0.0006  -0.4016  -0.0014  -0.0035
  -0.0009   0.0624  -0.0139  -0.0009  -0.0009  -0.0043   0.0009   0.0006   1.0000  -0.0004  -0.1255  -0.1208
   0.3845  -0.0066  -0.1558   0.5536   0.5527   0.3388  -0.5582  -0.4016  -0.0004   1.0000   0.0010   0.0026
   0.0022  -0.1442   0.0323   0.0022   0.0022   0.0100  -0.0021  -0.0014  -0.1255   0.0010   1.0000  -0.0110
   0.0055  -0.3694   0.0824   0.0055   0.0055   0.0254  -0.0054  -0.0035  -0.1208   0.0026  -0.0110   1.0000
