
  RooFitResult: minimized FCN value: -2.22052e+06, estimated distance to minimum: 7.68586e+15
                covariance matrix quality: Full matrix, but forced positive-definite
                Status : MIGRAD=4 HESSE=0 MINOS=0 

    Constant Parameter    Value     
  --------------------  ------------
              peakFail    9.1188e+01

    Floating Parameter  InitialValue    FinalValue +/-  Error     GblCorr.
  --------------------  ------------  --------------------------  --------
              NbkgFail    4.3723e+03    6.0071e+03 +/-  1.20e+02  <none>
              NbkgPass    5.0000e+01    5.5432e+02 +/-  2.04e+03  <none>
                  Nsig    2.4420e+05    2.9871e+05 +/-  1.87e+03  <none>
              alfaFail    5.0000e+01    1.0789e+02 +/-  3.72e-01  <none>
              betaFail    5.0000e-02    9.7872e-02 +/-  4.72e-04  <none>
                   eff    8.0000e-01    8.7373e-01 +/-  9.96e-04  <none>
             gammaFail    1.0000e-01    7.1109e-01 +/-  6.87e-03  <none>
              meanFail    0.0000e+00   -1.0992e+00 +/-  3.32e-02  <none>
              meanPass    0.0000e+00   -8.5451e-01 +/-  1.20e-02  <none>
             sigmaFail    2.0000e+00    2.2417e+00 +/-  6.96e-02  <none>
             sigmaPass    2.0000e+00    6.3979e-04 +/-  3.19e+00  <none>
                 tPass   -1.0000e-01   -4.8896e-08 +/-  6.26e-01  <none>


  Correlation Matrix
 --------------------
   1.0000  -0.0112  -0.0260   0.1271  -0.0316   0.2131  -0.1410   0.3235   0.0075  -0.2723   0.0044   0.0111
  -0.0112   1.0000  -0.9608   0.0036  -0.0459  -0.7738  -0.0379  -0.0237  -0.6667   0.0057  -0.3938  -0.9969
  -0.0260  -0.9608   1.0000  -0.0089   0.0442   0.7314   0.0454   0.0035   0.6407   0.0108   0.3784   0.9579
   0.1271   0.0036  -0.0089   1.0000  -0.4635   0.0400   0.4562   0.0676  -0.0024  -0.0575  -0.0014  -0.0035
  -0.0316  -0.0459   0.0442  -0.4635   1.0000   0.0248   0.4565  -0.0152   0.0306   0.0054   0.0181   0.0457
   0.2131  -0.7738   0.7314   0.0400   0.0248   1.0000  -0.0181   0.1270   0.5160  -0.0959   0.3048   0.7715
  -0.1410  -0.0379   0.0454   0.4562   0.4565  -0.0181   1.0000  -0.0741   0.0253   0.0621   0.0149   0.0378
   0.3235  -0.0237   0.0035   0.0676  -0.0152   0.1270  -0.0741   1.0000   0.0158  -0.2156   0.0093   0.0236
   0.0075  -0.6667   0.6407  -0.0024   0.0306   0.5160   0.0253   0.0158   1.0000  -0.0038   0.4846   0.6704
  -0.2723   0.0057   0.0108  -0.0575   0.0054  -0.0959   0.0621  -0.2156  -0.0038   1.0000  -0.0023  -0.0057
   0.0044  -0.3938   0.3784  -0.0014   0.0181   0.3048   0.0149   0.0093   0.4846  -0.0023   1.0000   0.3956
   0.0111  -0.9969   0.9579  -0.0035   0.0457   0.7715   0.0378   0.0236   0.6704  -0.0057   0.3956   1.0000
