
  RooFitResult: minimized FCN value: -1.08311e+07, estimated distance to minimum: 3.96929e-06
                covariance matrix quality: Full matrix, but forced positive-definite
                Status : MIGRAD=4 HESSE=0 

    Constant Parameter    Value     
  --------------------  ------------
              peakFail    9.1188e+01

    Floating Parameter  InitialValue    FinalValue +/-  Error     GblCorr.
  --------------------  ------------  --------------------------  --------
              NbkgFail    4.6135e+04    4.6135e+04 +/-  2.92e+01  <none>
              NbkgPass    1.4571e+04    1.4570e+04 +/-  4.11e+01  <none>
                  Nsig    1.1785e+06    1.1785e+06 +/-  1.11e+02  <none>
              alfaFail    2.2404e+01    8.1729e+01 +/-  1.18e+02  <none>
              betaFail    8.8315e-06    6.6368e-06 +/-  4.12e-05  <none>
                   eff    9.3075e-01    9.3075e-01 +/-  2.70e-05  <none>
             gammaFail    1.6143e-02    1.6142e-02 +/-  3.33e-05  <none>
              meanFail   -7.3162e-01   -7.3162e-01 +/-  2.28e-03  <none>
              meanPass   -5.4154e-01   -5.4154e-01 +/-  4.62e-04  <none>
             sigmaFail    2.1887e-01    2.0782e-01 +/-  1.03e-02  <none>
             sigmaPass    6.9843e-01    6.9822e-01 +/-  2.60e-03  <none>
                 tPass   -1.4584e-02   -1.4578e-02 +/-  1.23e-04  <none>


  Correlation Matrix
 --------------------
   1.0000  -0.0000  -0.0012   0.0050  -0.0050   0.0051  -0.0015   0.0004  -0.0000  -0.0017   0.0000  -0.0000
  -0.0000   1.0000  -0.0035  -0.0000   0.0000  -0.0011   0.0000  -0.0000   0.0005   0.0000  -0.0022   0.0030
  -0.0012  -0.0035   1.0000  -0.0008   0.0008  -0.0007   0.0002  -0.0001  -0.0000   0.0003   0.0001  -0.0001
   0.0050  -0.0000  -0.0008   1.0000  -0.9990   0.0031  -0.2284   0.0358  -0.0000   0.0132   0.0000  -0.0000
  -0.0050   0.0000   0.0008  -0.9990   1.0000  -0.0031   0.2286  -0.0358   0.0000  -0.0132  -0.0000   0.0000
   0.0051  -0.0011  -0.0007   0.0031  -0.0031   1.0000  -0.0009   0.0003  -0.0000  -0.0010   0.0000  -0.0000
  -0.0015   0.0000   0.0002  -0.2284   0.2286  -0.0009   1.0000  -0.0066   0.0000  -0.0023  -0.0000   0.0000
   0.0004  -0.0000  -0.0001   0.0358  -0.0358   0.0003  -0.0066   1.0000   0.0000  -0.0007  -0.0000  -0.0000
  -0.0000   0.0005  -0.0000  -0.0000   0.0000  -0.0000   0.0000   0.0000   1.0000   0.0000  -0.0006  -0.0013
  -0.0017   0.0000   0.0003   0.0132  -0.0132  -0.0010  -0.0023  -0.0007   0.0000   1.0000  -0.0000   0.0000
   0.0000  -0.0022   0.0001   0.0000  -0.0000   0.0000  -0.0000  -0.0000  -0.0006  -0.0000   1.0000  -0.0005
  -0.0000   0.0030  -0.0001  -0.0000   0.0000  -0.0000   0.0000  -0.0000  -0.0013   0.0000  -0.0005   1.0000
