
  RooFitResult: minimized FCN value: -1639.05, estimated distance to minimum: 0.000269708
                covariance matrix quality: Full, accurate covariance matrix
                Status : MIGRAD=0 HESSE=0 MINOS=0 

    Constant Parameter    Value     
  --------------------  ------------
              peakFail    9.1188e+01

    Floating Parameter  InitialValue    FinalValue (+HiError,-LoError)    GblCorr.
  --------------------  ------------  ----------------------------------  --------
              NbkgFail    7.6000e+00    1.3131e+01         +/-  3.78e+00  <none>
              NbkgPass    5.0000e+01    2.9193e+01         +/-  1.34e+01  <none>
                  Nsig    7.5360e+02    8.9938e+02         +/-  3.18e+01  <none>
              alfaFail    5.0000e+01    1.1052e+01         +/-  1.04e+02  <none>
              betaFail    5.0000e-02    1.1207e-01         +/-  1.39e-01  <none>
                   eff    8.0000e-01    9.3015e-01 (+8.33e-03,-8.98e-03)  <none>
             gammaFail    1.0000e-01    2.3741e-01         +/-  8.57e-02  <none>
              meanFail    0.0000e+00   -3.9539e-01         +/-  8.46e-01  <none>
              meanPass    0.0000e+00   -3.2057e-01         +/-  1.34e-01  <none>
             sigmaFail    2.0000e+00    4.2481e+00         +/-  7.25e-01  <none>
             sigmaPass    2.0000e+00    8.1525e-01         +/-  2.48e-01  <none>
                 tPass   -1.0000e-01   -3.5412e-02         +/-  2.34e-02  <none>


  Correlation Matrix
 --------------------
   1.0000  -0.0001  -0.0121  -0.0000  -0.0000   0.0477  -0.1880   0.0708  -0.0000  -0.0726   0.0000  -0.0001
  -0.0001   1.0000  -0.3418   0.0000   0.0000  -0.1007   0.0002  -0.0001   0.0382   0.0001  -0.2239   0.5729
  -0.0121  -0.3418   1.0000   0.0000   0.0000   0.0355   0.0220  -0.0083  -0.0156   0.0085   0.0914  -0.2339
  -0.0000   0.0000   0.0000   1.0000   0.0412  -0.0000   0.0005  -0.0000   0.0000   0.0000  -0.0000   0.0000
  -0.0000   0.0000   0.0000   0.0412   1.0000  -0.0000   0.0000  -0.0000  -0.0000   0.0000  -0.0000   0.0000
   0.0477  -0.1007   0.0355  -0.0000  -0.0000   1.0000  -0.0867   0.0327  -0.0046  -0.0335   0.0269  -0.0689
  -0.1880   0.0002   0.0220   0.0005   0.0000  -0.0867   1.0000  -0.1157   0.0000   0.0747  -0.0001   0.0002
   0.0708  -0.0001  -0.0083  -0.0000  -0.0000   0.0327  -0.1157   1.0000  -0.0000   0.0388   0.0000  -0.0001
  -0.0000   0.0382  -0.0156   0.0000  -0.0000  -0.0046   0.0000  -0.0000   1.0000   0.0000   0.0552  -0.0311
  -0.0726   0.0001   0.0085   0.0000   0.0000  -0.0335   0.0747   0.0388   0.0000   1.0000  -0.0000   0.0001
   0.0000  -0.2239   0.0914  -0.0000  -0.0000   0.0269  -0.0001   0.0000   0.0552  -0.0000   1.0000  -0.1343
  -0.0001   0.5729  -0.2339   0.0000   0.0000  -0.0689   0.0002  -0.0001  -0.0311   0.0001  -0.1343   1.0000
