
  RooFitResult: minimized FCN value: -3.70852e+06, estimated distance to minimum: 3.1205e-05
                covariance matrix quality: Full, accurate covariance matrix
                Status : MIGRAD=4 HESSE=0 MINOS=0 

    Constant Parameter    Value     
  --------------------  ------------
              peakFail    9.1188e+01

    Floating Parameter  InitialValue    FinalValue (+HiError,-LoError)    GblCorr.
  --------------------  ------------  ----------------------------------  --------
              NbkgFail    5.8867e+03    2.2863e+04         +/-  3.60e+02  <none>
              NbkgPass    5.0000e+01    4.8102e+03         +/-  3.20e+02  <none>
                  Nsig    3.8693e+05    4.5599e+05         +/-  8.12e+02  <none>
                 aPass    0.0000e+00    9.9862e+00         +/-  1.06e+01  <none>
              alfaFail    6.0000e+01    5.9602e+01         +/-  7.20e-01  <none>
              betaFail    5.0000e-02    7.8076e-02         +/-  1.10e-02  <none>
                   eff    8.0000e-01    9.2104e-01 (+7.64e-04,-7.31e-04)  <none>
             gammaFail    1.0000e-01    3.4071e-02         +/-  1.33e-03  <none>
              meanFail    0.0000e+00   -9.9782e-01         +/-  4.21e-02  <none>
              meanPass    0.0000e+00   -7.3570e-01         +/-  8.32e-03  <none>
             sigmaFail    2.0000e+00    6.2281e-01         +/-  1.53e-01  <none>
             sigmaPass    2.0000e+00    1.1225e+00         +/-  2.43e-02  <none>
                 tPass   -1.0000e-06   -4.2606e-02         +/-  2.68e-03  <none>


  Correlation Matrix
 --------------------
   1.0000  -0.0027  -0.3612   0.0000   0.5620  -0.5398   0.7745   0.5759   0.2695  -0.0003  -0.4142   0.0007  -0.0004
  -0.0027   1.0000  -0.3762  -0.0040  -0.0019   0.0018  -0.0714  -0.0019  -0.0009   0.1092   0.0014  -0.2374   0.1351
  -0.3612  -0.3762   1.0000   0.0016  -0.2465   0.2368  -0.3127  -0.2527  -0.1183  -0.0431   0.1818   0.0936  -0.0531
   0.0000  -0.0040   0.0016   1.0000   0.0000  -0.0000   0.0003   0.0000   0.0000  -0.0007  -0.0000   0.0010   0.0151
   0.5620  -0.0019  -0.2465   0.0000   1.0000  -0.3680   0.5289   0.7786   0.2947  -0.0002  -0.3096   0.0005  -0.0003
  -0.5398   0.0018   0.2368  -0.0000  -0.3680   1.0000  -0.5080  -0.7384  -0.2395   0.0002   0.2497  -0.0005   0.0003
   0.7745  -0.0714  -0.3127   0.0003   0.5289  -0.5080   1.0000   0.5420   0.2537  -0.0082  -0.3898   0.0178  -0.0101
   0.5759  -0.0019  -0.2527   0.0000   0.7786  -0.7384   0.5420   1.0000   0.3723  -0.0002  -0.2646   0.0005  -0.0003
   0.2695  -0.0009  -0.1183   0.0000   0.2947  -0.2395   0.2537   0.3723   1.0000  -0.0001  -0.2086   0.0002  -0.0001
  -0.0003   0.1092  -0.0431  -0.0007  -0.0002   0.0002  -0.0082  -0.0002  -0.0001   1.0000   0.0002  -0.2366  -0.1125
  -0.4142   0.0014   0.1818  -0.0000  -0.3096   0.2497  -0.3898  -0.2646  -0.2086   0.0002   1.0000  -0.0003   0.0002
   0.0007  -0.2374   0.0936   0.0010   0.0005  -0.0005   0.0178   0.0005   0.0002  -0.2366  -0.0003   1.0000  -0.0775
  -0.0004   0.1351  -0.0531   0.0151  -0.0003   0.0003  -0.0101  -0.0003  -0.0001  -0.1125   0.0002  -0.0775   1.0000
