
  RooFitResult: minimized FCN value: -1.01362e+07, estimated distance to minimum: 1.52088
                covariance matrix quality: Full matrix, but forced positive-definite
                Status : MIGRAD=4 HESSE=0 MINOS=0 

    Constant Parameter    Value     
  --------------------  ------------
              peakFail    9.1188e+01

    Floating Parameter  InitialValue    FinalValue +/-  Error     GblCorr.
  --------------------  ------------  --------------------------  --------
              NbkgFail    5.4064e+03    9.4818e+03 +/-  4.36e+02  <none>
              NbkgPass    5.0000e+01    3.8071e+03 +/-  2.16e+02  <none>
                  Nsig    8.9494e+05    1.1054e+06 +/-  9.97e+02  <none>
                 aPass    0.0000e+00    3.2986e+00 +/-  1.70e-03  <none>
              alfaFail    7.5000e+01    7.6263e+01 +/-  5.13e+00  <none>
              betaFail    5.0000e-02    5.4407e-02 +/-  2.81e-03  <none>
                   eff    8.0000e-01    9.5967e-01 +/-  3.72e-04  <none>
             gammaFail    1.0000e-01    5.7791e-04 +/-  3.49e-02  <none>
              meanFail    0.0000e+00   -3.7463e-01 +/-  2.37e-02  <none>
              meanPass    0.0000e+00   -3.0316e-01 +/-  3.29e-03  <none>
             sigmaFail    2.0000e+00    9.7934e-01 +/-  8.42e-02  <none>
             sigmaPass    2.0000e+00    8.4240e-01 +/-  1.02e-02  <none>
                 tPass   -1.0000e-06   -4.1308e-06 +/-  7.15e-04  <none>


  Correlation Matrix
 --------------------
   1.0000   0.0076  -0.3469  -0.0000   0.9332  -0.2542   0.8753   0.9452   0.6012   0.0000  -0.7931   0.0007   0.0033
   0.0076   1.0000   0.1431  -0.0000   0.0074  -0.0020   0.0222   0.0075   0.0048   0.0036  -0.0063   0.0880   0.3909
  -0.3469   0.1431   1.0000  -0.0000  -0.3384   0.0921  -0.3151  -0.3427  -0.2180   0.0006   0.2877   0.0137   0.0613
  -0.0000  -0.0000  -0.0000   1.0000  -0.0000   0.0000  -0.0000  -0.0000  -0.0000  -0.0000   0.0000  -0.0000   0.0000
   0.9332   0.0074  -0.3384  -0.0000   1.0000  -0.4440   0.8540   0.9953   0.6108   0.0000  -0.7790   0.0007   0.0032
  -0.2542  -0.0020   0.0921   0.0000  -0.4440   1.0000  -0.2326  -0.3837  -0.1492  -0.0000   0.2174  -0.0002  -0.0009
   0.8753   0.0222  -0.3151  -0.0000   0.8540  -0.2326   1.0000   0.8649   0.5501   0.0001  -0.7259   0.0021   0.0095
   0.9452   0.0075  -0.3427  -0.0000   0.9953  -0.3837   0.8649   1.0000   0.6269   0.0000  -0.7899   0.0007   0.0032
   0.6012   0.0048  -0.2180  -0.0000   0.6108  -0.1492   0.5501   0.6269   1.0000   0.0000  -0.5249   0.0005   0.0021
   0.0000   0.0036   0.0006  -0.0000   0.0000  -0.0000   0.0001   0.0000   0.0000   1.0000  -0.0000  -0.0495   0.0434
  -0.7931  -0.0063   0.2877   0.0000  -0.7790   0.2174  -0.7259  -0.7899  -0.5249  -0.0000   1.0000  -0.0006  -0.0027
   0.0007   0.0880   0.0137  -0.0000   0.0007  -0.0002   0.0021   0.0007   0.0005  -0.0495  -0.0006   1.0000   0.0201
   0.0033   0.3909   0.0613   0.0000   0.0032  -0.0009   0.0095   0.0032   0.0021   0.0434  -0.0027   0.0201   1.0000
