
  RooFitResult: minimized FCN value: -1.84219e+06, estimated distance to minimum: 0.00017104
                covariance matrix quality: Full, accurate covariance matrix
                Status : MIGRAD=4 HESSE=0 MINOS=0 

    Constant Parameter    Value     
  --------------------  ------------
              peakFail    9.1188e+01

    Floating Parameter  InitialValue    FinalValue (+HiError,-LoError)    GblCorr.
  --------------------  ------------  ----------------------------------  --------
              NbkgFail    5.0186e+03    2.4564e+04         +/-  3.65e+02  <none>
              NbkgPass    5.0000e+01    5.4116e+03         +/-  3.00e+02  <none>
                  Nsig    2.1483e+05    2.3856e+05         +/-  6.57e+02  <none>
                 aPass    0.0000e+00    9.9762e+00         +/-  1.16e+01  <none>
              alfaFail    6.0000e+01    5.8617e+01         +/-  5.23e-01  <none>
              betaFail    5.0000e-02    1.0620e-01         +/-  2.11e-02  <none>
                   eff    8.0000e-01    8.9260e-01 (+1.41e-03,-1.38e-03)  <none>
             gammaFail    1.0000e-01    3.4264e-02         +/-  1.03e-03  <none>
              meanFail    0.0000e+00   -9.9733e-01         +/-  5.91e-02  <none>
              meanPass    0.0000e+00   -6.4878e-01         +/-  1.17e-02  <none>
             sigmaFail    2.0000e+00    9.3517e-01         +/-  1.71e-01  <none>
             sigmaPass    2.0000e+00    1.1918e+00         +/-  2.87e-02  <none>
                 tPass   -1.0000e-06   -5.2493e-02         +/-  2.23e-03  <none>


  Correlation Matrix
 --------------------
   1.0000   0.0001  -0.4530   0.0001   0.0090  -0.5515   0.7997   0.5526   0.3263  -0.0000  -0.4634   0.0001  -0.0000
   0.0001   1.0000   0.4293  -0.0008   0.0000  -0.0001   0.0913   0.0001   0.0000  -0.1053  -0.0000   0.2293  -0.0069
  -0.4530   0.4293   1.0000  -0.0004  -0.0050   0.3063  -0.4025  -0.3069  -0.1812  -0.0481   0.2573   0.1047  -0.0032
   0.0001  -0.0008  -0.0004   1.0000  -0.0002  -0.0002   0.0000   0.0001   0.0000   0.0001  -0.0001  -0.0003  -0.0053
   0.0090   0.0000  -0.0050  -0.0002   1.0000   0.5010   0.0088   0.0293   0.0132  -0.0000   0.0125  -0.0000   0.0000
  -0.5515  -0.0001   0.3063  -0.0002   0.5010   1.0000  -0.5408  -0.7473  -0.2968   0.0000   0.3344  -0.0001   0.0000
   0.7997   0.0913  -0.4025   0.0000   0.0088  -0.5408   1.0000   0.5418   0.3200  -0.0102  -0.4543   0.0223  -0.0007
   0.5526   0.0001  -0.3069   0.0001   0.0293  -0.7473   0.5418   1.0000   0.4037  -0.0000  -0.3129   0.0001  -0.0000
   0.3263   0.0000  -0.1812   0.0000   0.0132  -0.2968   0.3200   0.4037   1.0000  -0.0000  -0.3539   0.0000  -0.0000
  -0.0000  -0.1053  -0.0481   0.0001  -0.0000   0.0000  -0.0102  -0.0000  -0.0000   1.0000   0.0000  -0.2906  -0.0845
  -0.4634  -0.0000   0.2573  -0.0001   0.0125   0.3344  -0.4543  -0.3129  -0.3539   0.0000   1.0000  -0.0000   0.0000
   0.0001   0.2293   0.1047  -0.0003  -0.0000  -0.0001   0.0223   0.0001   0.0000  -0.2906  -0.0000   1.0000  -0.0943
  -0.0000  -0.0069  -0.0032  -0.0053   0.0000   0.0000  -0.0007  -0.0000  -0.0000  -0.0845   0.0000  -0.0943   1.0000
