
  RooFitResult: minimized FCN value: -106958, estimated distance to minimum: 0.000348485
                covariance matrix quality: Full, accurate covariance matrix
                Status : MIGRAD=0 HESSE=0 MINOS=0 

    Constant Parameter    Value     
  --------------------  ------------
              peakFail    9.1188e+01

    Floating Parameter  InitialValue    FinalValue (+HiError,-LoError)    GblCorr.
  --------------------  ------------  ----------------------------------  --------
              NbkgFail    1.4190e+02    2.9095e+02         +/-  4.19e+01  <none>
              NbkgPass    5.0000e+01    8.9819e+01         +/-  5.13e+01  <none>
                  Nsig    1.7950e+04    2.2057e+04         +/-  1.61e+02  <none>
                 aPass    0.0000e+00    8.9733e+00         +/-  1.51e+01  <none>
              alfaFail    6.5000e+01    8.5000e+01         +/-  2.37e+01  <none>
              betaFail    5.0000e-02    1.7979e-02         +/-  8.21e-03  <none>
                   eff    8.0000e-01    9.4885e-01 (+1.89e-03,-1.92e-03)  <none>
             gammaFail    1.0000e-01    1.6765e-09         +/-  3.09e-03  <none>
              meanFail    0.0000e+00    1.4101e-01         +/-  2.16e-01  <none>
              meanPass    0.0000e+00    1.5636e-01         +/-  3.77e-02  <none>
             sigmaFail    2.0000e+00    1.5744e+00         +/-  3.23e-01  <none>
             sigmaPass    2.0000e+00    1.4322e+00         +/-  8.77e-02  <none>
                 tPass   -1.0000e-06   -5.4510e-02         +/-  3.74e-02  <none>


  Correlation Matrix
 --------------------
   1.0000   0.0000  -0.2165  -0.0000   0.1810  -0.3849   0.6777  -0.6308  -0.2329   0.0000  -0.4220  -0.0000   0.0000
   0.0000   1.0000  -0.3072   0.0004   0.0000  -0.0000  -0.0518  -0.0000  -0.0000   0.0986  -0.0000  -0.2006   0.9034
  -0.2165  -0.3072   1.0000  -0.0001  -0.0470   0.0999  -0.1594   0.1637   0.0605  -0.0314   0.1095   0.0638  -0.2873
  -0.0000   0.0004  -0.0001   1.0000  -0.0000   0.0000  -0.0000   0.0000   0.0000   0.0004   0.0000  -0.0001  -0.0080
   0.1810   0.0000  -0.0470  -0.0000   1.0000  -0.0733   0.1471  -0.2796  -0.0310   0.0000  -0.0995  -0.0000   0.0000
  -0.3849  -0.0000   0.0999   0.0000  -0.0733   1.0000  -0.3126   0.8275   0.0939  -0.0000   0.2583   0.0000  -0.0000
   0.6777  -0.0518  -0.1594  -0.0000   0.1471  -0.3126   1.0000  -0.5125  -0.1892  -0.0053  -0.3428   0.0108  -0.0484
  -0.6308  -0.0000   0.1637   0.0000  -0.2796   0.8275  -0.5125   1.0000   0.2193  -0.0000   0.3611   0.0000  -0.0000
  -0.2329  -0.0000   0.0605   0.0000  -0.0310   0.0939  -0.1892   0.2193   1.0000  -0.0000   0.2760   0.0000  -0.0000
   0.0000   0.0986  -0.0314   0.0004   0.0000  -0.0000  -0.0053  -0.0000  -0.0000   1.0000  -0.0000   0.0070   0.0716
  -0.4220  -0.0000   0.1095   0.0000  -0.0995   0.2583  -0.3428   0.3611   0.2760  -0.0000   1.0000   0.0000  -0.0000
  -0.0000  -0.2006   0.0638  -0.0001  -0.0000   0.0000   0.0108   0.0000   0.0000   0.0070   0.0000   1.0000  -0.1530
   0.0000   0.9034  -0.2873  -0.0080   0.0000  -0.0000  -0.0484  -0.0000  -0.0000   0.0716  -0.0000  -0.1530   1.0000
