
  RooFitResult: minimized FCN value: -409448, estimated distance to minimum: 2.59095e-06
                covariance matrix quality: Full, accurate covariance matrix
                Status : MIGRAD=4 HESSE=0 MINOS=0 

    Constant Parameter    Value     
  --------------------  ------------
              peakFail    9.1188e+01

    Floating Parameter  InitialValue    FinalValue (+HiError,-LoError)    GblCorr.
  --------------------  ------------  ----------------------------------  --------
              NbkgFail    3.9990e+02    4.6281e+02         +/-  3.68e+01  <none>
              NbkgPass    5.0000e+01    3.6065e+02         +/-  6.29e+01  <none>
                  Nsig    5.3798e+04    6.6424e+04         +/-  2.66e+02  <none>
                 aPass    0.0000e+00    1.0000e+01         +/-  1.05e+01  <none>
              alfaFail    6.0000e+01    8.0000e+01         +/-  1.60e+00  <none>
              betaFail    5.0000e-02    4.5841e-02         +/-  7.67e-03  <none>
                   eff    8.0000e-01    9.4676e-01 (+9.66e-04,-9.73e-04)  <none>
             gammaFail    1.0000e-01    2.7370e-09         +/-  2.27e-03  <none>
              meanFail    0.0000e+00   -1.8212e-01         +/-  9.28e-02  <none>
              meanPass    0.0000e+00   -1.4254e-01         +/-  1.92e-02  <none>
             sigmaFail    2.0000e+00    1.0673e+00         +/-  1.98e-01  <none>
             sigmaPass    2.0000e+00    1.2557e+00         +/-  5.12e-02  <none>
                 tPass   -1.0000e-06   -1.1732e-10         +/-  1.19e-03  <none>


  Correlation Matrix
 --------------------
   1.0000  -0.0001  -0.0906   0.0000   0.0473   0.2190   0.3566   0.0567  -0.0879  -0.0000  -0.2064   0.0000   0.0000
  -0.0001   1.0000  -0.2153  -0.0019  -0.0000  -0.0001  -0.0474  -0.0000   0.0000   0.0015   0.0000  -0.1753  -0.0436
  -0.0906  -0.2153   1.0000   0.0004  -0.0065  -0.0300  -0.0379  -0.0078   0.0121  -0.0004   0.0285   0.0415   0.0103
   0.0000  -0.0019   0.0004   1.0000   0.0000   0.0000   0.0001   0.0000  -0.0000   0.0003  -0.0000   0.0002  -0.0002
   0.0473  -0.0000  -0.0065   0.0000   1.0000   0.0750   0.0256  -0.0031   0.0089  -0.0000  -0.0143   0.0000   0.0000
   0.2190  -0.0001  -0.0300   0.0000   0.0750   1.0000   0.1183   0.0623  -0.1668  -0.0000   0.0518   0.0000   0.0000
   0.3566  -0.0474  -0.0379   0.0001   0.0256   0.1183   1.0000   0.0307  -0.0476  -0.0001  -0.1121   0.0091   0.0023
   0.0567  -0.0000  -0.0078   0.0000  -0.0031   0.0623   0.0307   1.0000   0.0017  -0.0000  -0.0146   0.0000   0.0000
  -0.0879   0.0000   0.0121  -0.0000   0.0089  -0.1668  -0.0476   0.0017   1.0000   0.0000  -0.0370  -0.0000  -0.0000
  -0.0000   0.0015  -0.0004   0.0003  -0.0000  -0.0000  -0.0001  -0.0000   0.0000   1.0000   0.0000  -0.1018   0.0095
  -0.2064   0.0000   0.0285  -0.0000  -0.0143   0.0518  -0.1121  -0.0146  -0.0370   0.0000   1.0000  -0.0000  -0.0000
   0.0000  -0.1753   0.0415   0.0002   0.0000   0.0000   0.0091   0.0000  -0.0000  -0.1018  -0.0000   1.0000   0.0042
   0.0000  -0.0436   0.0103  -0.0002   0.0000   0.0000   0.0023   0.0000  -0.0000   0.0095  -0.0000   0.0042   1.0000
