
  RooFitResult: minimized FCN value: -6.65295e+06, estimated distance to minimum: 6.6721e-06
                covariance matrix quality: Full matrix, but forced positive-definite
                Status : MIGRAD=4 HESSE=0 MINOS=0 

    Constant Parameter    Value     
  --------------------  ------------
              peakFail    9.1188e+01

    Floating Parameter  InitialValue    FinalValue (+HiError,-LoError)    GblCorr.
  --------------------  ------------  ----------------------------------  --------
              NbkgFail    5.4616e+03    1.3792e+04         +/-  1.03e+02  <none>
              NbkgPass    5.0000e+01    1.3993e+03         +/-  2.12e+03  <none>
                  Nsig    6.2631e+05    7.6769e+05         +/-  9.27e+02  <none>
                 aPass    0.0000e+00    9.9984e+00         +/-  1.01e+01  <none>
              alfaFail    6.5000e+01    7.0684e+01         +/-  1.61e-01  <none>
              betaFail    5.0000e-02    7.8057e-02         +/-  1.61e-03  <none>
                   eff    8.0000e-01    9.4682e-01 (+4.96e-04,-4.91e-04)  <none>
             gammaFail    1.0000e-01    2.2413e-02         +/-  4.09e-04  <none>
              meanFail    0.0000e+00   -7.7090e-01         +/-  1.64e-02  <none>
              meanPass    0.0000e+00   -5.5088e-01         +/-  3.13e-03  <none>
             sigmaFail    2.0000e+00    1.0920e+00         +/-  4.29e-02  <none>
             sigmaPass    2.0000e+00    1.0090e+00         +/-  1.01e-02  <none>
                 tPass   -1.0000e-06   -6.4151e-11         +/-  5.89e-02  <none>


  Correlation Matrix
 --------------------
   1.0000   0.0076  -0.0167  -0.0001   0.0386   0.0680   0.1688  -0.0841   0.0199   0.0025  -0.0825   0.0047   0.0076
   0.0076   1.0000   0.8327  -0.0101   0.0010   0.0016   0.3420  -0.0022   0.0005   0.3320  -0.0020   0.6153   0.9987
  -0.0167   0.8327   1.0000  -0.0084  -0.0020  -0.0036   0.2729   0.0042  -0.0010   0.2765   0.0043   0.5125   0.8318
  -0.0001  -0.0101  -0.0084   1.0000  -0.0000  -0.0000  -0.0034   0.0000  -0.0000  -0.0031   0.0000  -0.0062  -0.0101
   0.0386   0.0010  -0.0020  -0.0000   1.0000  -0.2089   0.0205  -0.2682  -0.0531   0.0003  -0.0054   0.0006   0.0010
   0.0680   0.0016  -0.0036  -0.0000  -0.2089   1.0000   0.0360  -0.0442   0.0407   0.0005  -0.0082   0.0010   0.0016
   0.1688   0.3420   0.2729  -0.0034   0.0205   0.0360   1.0000  -0.0445   0.0106   0.1136  -0.0437   0.2105   0.3416
  -0.0841  -0.0022   0.0042   0.0000  -0.2682  -0.0442  -0.0445   1.0000  -0.0666  -0.0007   0.0115  -0.0014  -0.0022
   0.0199   0.0005  -0.0010  -0.0000  -0.0531   0.0407   0.0106  -0.0666   1.0000   0.0002  -0.0855   0.0003   0.0005
   0.0025   0.3320   0.2765  -0.0031   0.0003   0.0005   0.1136  -0.0007   0.0002   1.0000  -0.0007   0.1448   0.3320
  -0.0825  -0.0020   0.0043   0.0000  -0.0054  -0.0082  -0.0437   0.0115  -0.0855  -0.0007   1.0000  -0.0012  -0.0020
   0.0047   0.6153   0.5125  -0.0062   0.0006   0.0010   0.2105  -0.0014   0.0003   0.1448  -0.0012   1.0000   0.6145
   0.0076   0.9987   0.8318  -0.0101   0.0010   0.0016   0.3416  -0.0022   0.0005   0.3320  -0.0020   0.6145   1.0000
