
  RooFitResult: minimized FCN value: -9.05763e+06, estimated distance to minimum: 4.62761e+06
                covariance matrix quality: Full matrix, but forced positive-definite
                Status : MIGRAD=4 HESSE=0 MINOS=0 

    Constant Parameter    Value     
  --------------------  ------------
              peakFail    9.1188e+01

    Floating Parameter  InitialValue    FinalValue +/-  Error     GblCorr.
  --------------------  ------------  --------------------------  --------
              NbkgFail    1.0480e+04    3.8371e+04 +/-  1.49e+03  <none>
              NbkgPass    5.0000e+01    5.5170e-07 +/-  7.30e-01  <none>
                  Nsig    8.4113e+05    1.0131e+06 +/-  1.76e+03  <none>
                 aPass    0.0000e+00    2.2143e+00 +/-  1.12e-03  <none>
              alfaFail    6.0000e+01    6.0931e+01 +/-  2.83e+00  <none>
              betaFail    5.0000e-02    7.0835e-02 +/-  2.72e-02  <none>
                   eff    8.0000e-01    9.3443e-01 +/-  1.38e-03  <none>
             gammaFail    1.0000e-01    2.7537e-02 +/-  5.15e-03  <none>
              meanFail    0.0000e+00   -8.3370e-01 +/-  3.67e-02  <none>
              meanPass    0.0000e+00   -5.7291e-01 +/-  4.76e-03  <none>
             sigmaFail    2.0000e+00    9.9551e-01 +/-  1.75e-01  <none>
             sigmaPass    2.0000e+00    1.0814e+00 +/-  1.23e-02  <none>
                 tPass   -1.0000e-06   -3.0359e+00 +/-  6.51e+00  <none>


  Correlation Matrix
 --------------------
   1.0000  -0.0000  -0.8149   0.0000   0.9735   0.9587   0.9756   0.9712   0.6841  -0.0000  -0.9014   0.0000   0.0000
  -0.0000   1.0000  -0.0002   0.0000  -0.0000  -0.0000  -0.0000  -0.0000  -0.0000   0.0001   0.0000  -0.0002  -0.3851
  -0.8149  -0.0002   1.0000  -0.0000  -0.8072  -0.7950  -0.8090  -0.8053  -0.5673  -0.0000   0.7475   0.0000   0.0001
   0.0000   0.0000  -0.0000   1.0000   0.0000   0.0000   0.0000   0.0000   0.0000   0.0000  -0.0000  -0.0000  -0.0000
   0.9735  -0.0000  -0.8072   0.0000   1.0000   0.9767   0.9664   0.9944   0.6788  -0.0000  -0.8891   0.0000   0.0000
   0.9587  -0.0000  -0.7950   0.0000   0.9767   1.0000   0.9518   0.9877   0.6466  -0.0000  -0.8728   0.0000   0.0000
   0.9756  -0.0000  -0.8090   0.0000   0.9664   0.9518   1.0000   0.9642   0.6791  -0.0000  -0.8950   0.0000   0.0000
   0.9712  -0.0000  -0.8053   0.0000   0.9944   0.9877   0.9642   1.0000   0.6798  -0.0000  -0.8856   0.0000   0.0000
   0.6841  -0.0000  -0.5673   0.0000   0.6788   0.6466   0.6791   0.6798   1.0000  -0.0000  -0.7040   0.0000   0.0000
  -0.0000   0.0001  -0.0000   0.0000  -0.0000  -0.0000  -0.0000  -0.0000  -0.0000   1.0000   0.0000  -0.2534  -0.0001
  -0.9014   0.0000   0.7475  -0.0000  -0.8891  -0.8728  -0.8950  -0.8856  -0.7040   0.0000   1.0000  -0.0000  -0.0000
   0.0000  -0.0002   0.0000  -0.0000   0.0000   0.0000   0.0000   0.0000   0.0000  -0.2534  -0.0000   1.0000   0.0001
   0.0000  -0.3851   0.0001  -0.0000   0.0000   0.0000   0.0000   0.0000   0.0000  -0.0001  -0.0000   0.0001   1.0000
