
  RooFitResult: minimized FCN value: -3.29043e+06, estimated distance to minimum: 0.00401298
                covariance matrix quality: Full, accurate covariance matrix
                Status : MIGRAD=4 HESSE=0 MINOS=0 

    Constant Parameter    Value     
  --------------------  ------------
              peakFail    9.1188e+01

    Floating Parameter  InitialValue    FinalValue (+HiError,-LoError)    GblCorr.
  --------------------  ------------  ----------------------------------  --------
              NbkgFail    4.4778e+03    7.1488e+03         +/-  3.43e+02  <none>
              NbkgPass    5.0000e+01    1.1568e+03         +/-  1.30e+02  <none>
                  Nsig    3.3301e+05    4.0796e+05         +/-  7.25e+02  <none>
                 aPass    0.0000e+00    1.5157e+00         +/-  1.42e-03  <none>
              alfaFail    6.5000e+01    7.8290e+01         +/-  3.50e+00  <none>
              betaFail    5.0000e-02    7.8480e-02         +/-  1.07e-02  <none>
                   eff    8.0000e-01    9.0776e-01 (+6.67e-04,-6.15e-04)  <none>
             gammaFail    1.0000e-01    2.4588e-02         +/-  8.99e-03  <none>
              meanFail    0.0000e+00   -7.5868e-01         +/-  2.72e-02  <none>
              meanPass    0.0000e+00   -5.5076e-01         +/-  6.91e-03  <none>
             sigmaFail    2.0000e+00    6.8998e-01         +/-  1.24e-01  <none>
             sigmaPass    2.0000e+00    9.2107e-01         +/-  2.22e-02  <none>
                 tPass   -1.0000e-06   -5.9512e-09         +/-  4.95e-03  <none>


  Correlation Matrix
 --------------------
   1.0000   0.0048  -0.4305  -0.0000   0.8467  -0.7490   0.8259   0.8729  -0.1769   0.0001  -0.6187   0.0007   0.0021
   0.0048   1.0000   0.1574  -0.0000   0.0043  -0.0038   0.0351   0.0045  -0.0009   0.0164  -0.0031   0.1372   0.4037
  -0.4305   0.1574   1.0000  -0.0000  -0.3879   0.3431  -0.3733  -0.4000   0.0810   0.0028   0.2838   0.0232   0.0687
  -0.0000  -0.0000  -0.0000   1.0000  -0.0000   0.0000  -0.0000  -0.0000   0.0000  -0.0000   0.0000  -0.0000   0.0000
   0.8467   0.0043  -0.3879  -0.0000   1.0000  -0.9687   0.7443   0.9879  -0.3322   0.0001  -0.4891   0.0006   0.0019
  -0.7490  -0.0038   0.3431   0.0000  -0.9687   1.0000  -0.6584  -0.9315   0.3821  -0.0001   0.4072  -0.0006  -0.0017
   0.8259   0.0351  -0.3733  -0.0000   0.7443  -0.6584   1.0000   0.7674  -0.1554   0.0006  -0.5443   0.0052   0.0153
   0.8729   0.0045  -0.4000  -0.0000   0.9879  -0.9315   0.7674   1.0000  -0.2802   0.0001  -0.5193   0.0007   0.0019
  -0.1769  -0.0009   0.0810   0.0000  -0.3322   0.3821  -0.1554  -0.2802   1.0000  -0.0000   0.0236  -0.0001  -0.0004
   0.0001   0.0164   0.0028  -0.0000   0.0001  -0.0001   0.0006   0.0001  -0.0000   1.0000  -0.0001  -0.0737   0.0745
  -0.6187  -0.0031   0.2838   0.0000  -0.4891   0.4072  -0.5443  -0.5193   0.0236  -0.0001   1.0000  -0.0005  -0.0014
   0.0007   0.1372   0.0232  -0.0000   0.0006  -0.0006   0.0052   0.0007  -0.0001  -0.0737  -0.0005   1.0000   0.0396
   0.0021   0.4037   0.0687   0.0000   0.0019  -0.0017   0.0153   0.0019  -0.0004   0.0745  -0.0014   0.0396   1.0000
