
  RooFitResult: minimized FCN value: -811540, estimated distance to minimum: 3.00547e-07
                covariance matrix quality: Full, accurate covariance matrix
                Status : MIGRAD=4 HESSE=0 MINOS=0 

    Constant Parameter    Value     
  --------------------  ------------
              peakFail    9.1188e+01

    Floating Parameter  InitialValue    FinalValue (+HiError,-LoError)    GblCorr.
  --------------------  ------------  ----------------------------------  --------
              NbkgFail    6.8670e+02    2.3209e+03         +/-  7.87e+01  <none>
              NbkgPass    5.0000e+01    2.2560e+03         +/-  1.45e+02  <none>
                  Nsig    9.6511e+04    1.1606e+05         +/-  3.72e+02  <none>
                 aPass    0.0000e+00    1.0000e+01         +/-  1.88e+01  <none>
              alfaFail    6.0000e+01    8.0000e+01         +/-  9.89e-01  <none>
              betaFail    5.0000e-02    3.1574e-02         +/-  2.62e-03  <none>
                   eff    8.0000e-01    9.6083e-01 (+7.64e-04,-7.69e-04)  <none>
             gammaFail    1.0000e-01    2.5832e-12         +/-  8.98e-04  <none>
              meanFail    0.0000e+00    8.9548e-02         +/-  5.20e-02  <none>
              meanPass    0.0000e+00   -2.2452e-02         +/-  9.66e-03  <none>
             sigmaFail    2.0000e+00    6.0170e-01         +/-  1.32e-01  <none>
             sigmaPass    2.0000e+00    2.3093e-01         +/-  4.25e-02  <none>
                 tPass   -1.0000e-06   -2.1538e-11         +/-  8.64e-04  <none>


  Correlation Matrix
 --------------------
   1.0000  -0.0013  -0.1299   0.0000   0.0482   0.3187   0.5295   0.0722  -0.0235  -0.0000  -0.2382   0.0002   0.0002
  -0.0013   1.0000  -0.3455  -0.0114  -0.0001  -0.0007  -0.0580  -0.0002   0.0001   0.0145   0.0005  -0.1220  -0.1462
  -0.1299  -0.3455   1.0000   0.0044  -0.0100  -0.0663  -0.0883  -0.0150   0.0049  -0.0056   0.0497   0.0471   0.0564
   0.0000  -0.0114   0.0044   1.0000   0.0000   0.0000   0.0007   0.0000  -0.0000   0.0007  -0.0000   0.0014  -0.0017
   0.0482  -0.0001  -0.0100   0.0000   1.0000   0.2677   0.0409  -0.0476   0.0151  -0.0000  -0.0235   0.0000   0.0000
   0.3187  -0.0007  -0.0663   0.0000   0.2677   1.0000   0.2705   0.2406  -0.0504  -0.0000  -0.1302   0.0001   0.0001
   0.5295  -0.0580  -0.0883   0.0007   0.0409   0.2705   1.0000   0.0612  -0.0199  -0.0009  -0.2022   0.0079   0.0095
   0.0722  -0.0002  -0.0150   0.0000  -0.0476   0.2406   0.0612   1.0000   0.0120  -0.0000  -0.0340   0.0000   0.0000
  -0.0235   0.0001   0.0049  -0.0000   0.0151  -0.0504  -0.0199   0.0120   1.0000   0.0000   0.0274  -0.0000  -0.0000
  -0.0000   0.0145  -0.0056   0.0007  -0.0000  -0.0000  -0.0009  -0.0000   0.0000   1.0000   0.0000   0.1001   0.0125
  -0.2382   0.0005   0.0497  -0.0000  -0.0235  -0.1302  -0.2022  -0.0340   0.0274   0.0000   1.0000  -0.0001  -0.0001
   0.0002  -0.1220   0.0471   0.0014   0.0000   0.0001   0.0079   0.0000  -0.0000   0.1001  -0.0001   1.0000   0.0166
   0.0002  -0.1462   0.0564  -0.0017   0.0000   0.0001   0.0095   0.0000  -0.0000   0.0125  -0.0001   0.0166   1.0000
