
  RooFitResult: minimized FCN value: -2.22336e+06, estimated distance to minimum: 267995
                covariance matrix quality: Full matrix, but forced positive-definite
                Status : MIGRAD=4 HESSE=0 MINOS=0 

    Constant Parameter    Value     
  --------------------  ------------
              peakFail    9.1188e+01

    Floating Parameter  InitialValue    FinalValue +/-  Error     GblCorr.
  --------------------  ------------  --------------------------  --------
              NbkgFail    4.3723e+03    1.2493e+04 +/-  6.98e+02  <none>
              NbkgPass    5.0000e+01    2.1918e-07 +/-  4.68e-01  <none>
                  Nsig    2.4420e+05    2.9277e+05 +/-  8.47e+02  <none>
                 aPass    0.0000e+00    4.0235e-01 +/-  1.79e-03  <none>
              alfaFail    6.5000e+01    6.6633e+01 +/-  2.62e+00  <none>
              betaFail    5.0000e-02    1.2171e-01 +/-  4.73e-02  <none>
                   eff    8.0000e-01    8.9333e-01 +/-  2.13e-03  <none>
             gammaFail    1.0000e-01    3.8721e-02 +/-  6.27e-03  <none>
              meanFail    0.0000e+00   -1.2501e+00 +/-  6.33e-02  <none>
              meanPass    0.0000e+00   -8.5856e-01 +/-  8.80e-03  <none>
             sigmaFail    2.0000e+00    7.3455e-01 +/-  1.69e-01  <none>
             sigmaPass    2.0000e+00    9.0203e-01 +/-  2.83e-02  <none>
                 tPass   -1.0000e-06   -9.2778e+00 +/-  2.13e+00  <none>


  Correlation Matrix
 --------------------
   1.0000   0.0000  -0.7774   0.0000  -0.9681  -0.9647   0.9536   0.9569   0.8448  -0.0000  -0.8110   0.0002   0.0000
   0.0000   1.0000  -0.0000   0.0000  -0.0000  -0.0000   0.0000   0.0000   0.0000   0.0000  -0.0000  -0.0000   0.0018
  -0.7774  -0.0000   1.0000  -0.0000   0.7717   0.7689  -0.7602  -0.7628  -0.6734   0.0000   0.6464  -0.0001  -0.0000
   0.0000   0.0000  -0.0000   1.0000  -0.0000  -0.0000   0.0000   0.0000   0.0000  -0.0000  -0.0000   0.0000   0.0000
  -0.9681  -0.0000   0.7717  -0.0000   1.0000   0.9960  -0.9466  -0.9931  -0.8600   0.0000   0.8049  -0.0002  -0.0000
  -0.9647  -0.0000   0.7689  -0.0000   0.9960   1.0000  -0.9432  -0.9882  -0.8568   0.0000   0.8019  -0.0002  -0.0000
   0.9536   0.0000  -0.7602   0.0000  -0.9466  -0.9432   1.0000   0.9357   0.8261  -0.0000  -0.7929   0.0001   0.0000
   0.9569   0.0000  -0.7628   0.0000  -0.9931  -0.9882   0.9357   1.0000   0.8643  -0.0000  -0.7949   0.0002   0.0000
   0.8448   0.0000  -0.6734   0.0000  -0.8600  -0.8568   0.8261   0.8643   1.0000  -0.0000  -0.7344   0.0001   0.0000
  -0.0000   0.0000   0.0000  -0.0000   0.0000   0.0000  -0.0000  -0.0000  -0.0000   1.0000   0.0000  -0.1622  -0.0000
  -0.8110  -0.0000   0.6464  -0.0000   0.8049   0.8019  -0.7929  -0.7949  -0.7344   0.0000   1.0000  -0.0001  -0.0000
   0.0002  -0.0000  -0.0001   0.0000  -0.0002  -0.0002   0.0001   0.0002   0.0001  -0.1622  -0.0001   1.0000   0.0000
   0.0000   0.0018  -0.0000   0.0000  -0.0000  -0.0000   0.0000   0.0000   0.0000  -0.0000  -0.0000   0.0000   1.0000
