
  RooFitResult: minimized FCN value: -447138, estimated distance to minimum: 0.000446575
                covariance matrix quality: Full, accurate covariance matrix
                Status : MIGRAD=4 HESSE=0 MINOS=0 

    Constant Parameter    Value     
  --------------------  ------------
              peakFail    9.1188e+01

    Floating Parameter  InitialValue    FinalValue (+HiError,-LoError)    GblCorr.
  --------------------  ------------  ----------------------------------  --------
              NbkgFail    5.9150e+02    3.7616e+01         +/-  1.62e+01  <none>
              NbkgPass    5.0000e+01    2.3462e+02         +/-  6.29e+01  <none>
                  Nsig    6.0238e+04    7.5025e+04         +/-  2.78e+02  <none>
                 aPass    0.0000e+00    1.0000e+01         +/-  1.09e+01  <none>
              alfaFail    6.5000e+01    7.3255e+01         +/-  4.93e+00  <none>
              betaFail    5.0000e-02    1.9999e-01         +/-  1.79e-01  <none>
                   eff    8.0000e-01    9.2166e-01 (+9.96e-04,-1.00e-03)  <none>
             gammaFail    1.0000e-01    9.5136e-01         +/-  1.54e-01  <none>
              meanFail    0.0000e+00    2.9306e-01         +/-  1.13e-01  <none>
              meanPass    0.0000e+00   -3.6601e-01         +/-  2.40e-02  <none>
             sigmaFail    2.0000e+00    3.4146e+00         +/-  2.23e-01  <none>
             sigmaPass    2.0000e+00    1.1779e+00         +/-  7.62e-02  <none>
                 tPass   -1.0000e-06   -1.0332e-10         +/-  2.90e-03  <none>


  Correlation Matrix
 --------------------
   1.0000  -0.0026  -0.0428  -0.0000  -0.0897  -0.3286   0.1700  -0.2023   0.3434   0.0000  -0.4216   0.0005  -0.0001
  -0.0026   1.0000  -0.1900   0.0010   0.0003   0.0010  -0.0636   0.0006  -0.0010  -0.0009   0.0013  -0.1924   0.0383
  -0.0428  -0.1900   1.0000  -0.0002   0.0049   0.0166   0.0042   0.0102  -0.0172   0.0002   0.0211   0.0388  -0.0076
  -0.0000   0.0010  -0.0002   1.0000   0.0000   0.0000  -0.0001   0.0000  -0.0000   0.0009   0.0000  -0.0004  -0.0007
  -0.0897   0.0003   0.0049   0.0000   1.0000   0.8580  -0.0192   0.5029  -0.0667  -0.0000   0.1319  -0.0001   0.0000
  -0.3286   0.0010   0.0166   0.0000   0.8580   1.0000  -0.0659   0.2439  -0.1525  -0.0000   0.2173  -0.0002   0.0000
   0.1700  -0.0636   0.0042  -0.0001  -0.0192  -0.0659   1.0000  -0.0404   0.0682   0.0001  -0.0840   0.0130  -0.0026
  -0.2023   0.0006   0.0102   0.0000   0.5029   0.2439  -0.0404   1.0000  -0.0895  -0.0000   0.1230  -0.0001   0.0000
   0.3434  -0.0010  -0.0172  -0.0000  -0.0667  -0.1525   0.0682  -0.0895   1.0000   0.0000  -0.1996   0.0002  -0.0000
   0.0000  -0.0009   0.0002   0.0009  -0.0000  -0.0000   0.0001  -0.0000   0.0000   1.0000  -0.0000  -0.2503   0.0160
  -0.4216   0.0013   0.0211   0.0000   0.1319   0.2173  -0.0840   0.1230  -0.1996  -0.0000   1.0000  -0.0003   0.0001
   0.0005  -0.1924   0.0388  -0.0004  -0.0001  -0.0002   0.0130  -0.0001   0.0002  -0.2503  -0.0003   1.0000  -0.0106
  -0.0001   0.0383  -0.0076  -0.0007   0.0000   0.0000  -0.0026   0.0000  -0.0000   0.0160   0.0001  -0.0106   1.0000
