
  RooFitResult: minimized FCN value: -6.65295e+06, estimated distance to minimum: 2.92364e-05
                covariance matrix quality: Full matrix, but forced positive-definite
                Status : MIGRAD=4 HESSE=0 MINOS=0 

    Constant Parameter    Value     
  --------------------  ------------
              peakFail    9.1188e+01

    Floating Parameter  InitialValue    FinalValue (+HiError,-LoError)    GblCorr.
  --------------------  ------------  ----------------------------------  --------
              NbkgFail    5.4616e+03    1.3795e+04         +/-  1.02e+02  <none>
              NbkgPass    5.0000e+01    1.3994e+03         +/-  2.10e+03  <none>
                  Nsig    6.2631e+05    7.6769e+05         +/-  9.17e+02  <none>
                 aPass    0.0000e+00    1.0000e+01         +/-  1.01e+01  <none>
              alfaFail    7.5000e+01    7.0695e+01         +/-  1.59e-01  <none>
              betaFail    5.0000e-02    7.8018e-02         +/-  1.59e-03  <none>
                   eff    8.0000e-01    9.4683e-01 (+4.92e-04,-4.93e-04)  <none>
             gammaFail    1.0000e-01    2.2437e-02         +/-  4.05e-04  <none>
              meanFail    0.0000e+00   -7.7089e-01         +/-  1.63e-02  <none>
              meanPass    0.0000e+00   -5.5088e-01         +/-  3.10e-03  <none>
             sigmaFail    2.0000e+00    1.0916e+00         +/-  4.25e-02  <none>
             sigmaPass    2.0000e+00    1.0090e+00         +/-  1.00e-02  <none>
                 tPass   -1.0000e-06   -1.0235e-11         +/-  5.82e-02  <none>


  Correlation Matrix
 --------------------
   1.0000  -0.0074  -0.0165  -0.0001   0.0377   0.0683   0.1659   0.0824   0.0193   0.0024  -0.0799   0.0045   0.0074
  -0.0074   1.0000  -0.8316   0.0102  -0.0012  -0.0018  -0.3409  -0.0028  -0.0004  -0.3294   0.0029  -0.6141  -0.9987
  -0.0165  -0.8316   1.0000  -0.0085  -0.0017  -0.0034   0.2718  -0.0037  -0.0011   0.2740   0.0034   0.5108   0.8307
  -0.0001   0.0102  -0.0085   1.0000  -0.0000  -0.0000  -0.0035  -0.0000  -0.0000  -0.0031   0.0000  -0.0062  -0.0102
   0.0377  -0.0012  -0.0017  -0.0000   1.0000  -0.2025   0.0200   0.2637  -0.0524   0.0004  -0.0052   0.0007   0.0012
   0.0683  -0.0018  -0.0034  -0.0000  -0.2025   1.0000   0.0361   0.0464   0.0399   0.0006  -0.0081   0.0011   0.0018
   0.1659  -0.3409   0.2718  -0.0035   0.0200   0.0361   1.0000   0.0438   0.0102   0.1123  -0.0425   0.2094   0.3405
   0.0824  -0.0028  -0.0037  -0.0000   0.2637   0.0464   0.0438   1.0000   0.0657   0.0009  -0.0109   0.0017   0.0028
   0.0193  -0.0004  -0.0011  -0.0000  -0.0524   0.0399   0.0102   0.0657   1.0000   0.0001  -0.0835   0.0003   0.0004
   0.0024  -0.3294   0.2740  -0.0031   0.0004   0.0006   0.1123   0.0009   0.0001   1.0000  -0.0010   0.1438   0.3295
  -0.0799   0.0029   0.0034   0.0000  -0.0052  -0.0081  -0.0425  -0.0109  -0.0835  -0.0010   1.0000  -0.0018  -0.0029
   0.0045  -0.6141   0.5108  -0.0062   0.0007   0.0011   0.2094   0.0017   0.0003   0.1438  -0.0018   1.0000   0.6134
   0.0074  -0.9987   0.8307  -0.0102   0.0012   0.0018   0.3405   0.0028   0.0004   0.3295  -0.0029   0.6134   1.0000
