
  RooFitResult: minimized FCN value: -447067, estimated distance to minimum: 0.285395
                covariance matrix quality: Full, accurate covariance matrix
                Status : MIGRAD=4 HESSE=0 MINOS=0 

    Constant Parameter    Value     
  --------------------  ------------
              peakFail    9.1188e+01

    Floating Parameter  InitialValue    FinalValue +/-  Error     GblCorr.
  --------------------  ------------  --------------------------  --------
              NbkgFail    4.7607e+03    3.3683e+04 +/-  3.18e+02  <none>
              NbkgPass    5.0000e+01    2.7314e+03 +/-  1.47e+02  <none>
                  Nsig    6.8574e+04    4.9306e+04 +/-  3.68e+02  <none>
                 aPass    0.0000e+00    1.8596e-02 +/-  2.03e-02  <none>
              alfaFail    6.0000e+01    5.0000e+01 +/-  3.03e+00  <none>
              betaFail    5.0000e-02    2.0000e-01 +/-  4.35e-02  <none>
                   eff    8.0000e-01    7.1755e-01 +/-  4.36e-03  <none>
             gammaFail    1.0000e-01    2.6535e-02 +/-  3.66e-04  <none>
              meanFail    0.0000e+00   -6.0460e-01 +/-  7.72e-02  <none>
              meanPass    0.0000e+00   -7.3579e-01 +/-  3.37e-02  <none>
             sigmaFail    2.0000e+00    1.0538e-02 +/-  2.50e-01  <none>
             sigmaPass    2.0000e+00    8.3667e-01 +/-  1.30e-01  <none>
                 tPass   -1.0000e-06   -4.5095e-02 +/-  3.47e-03  <none>


  Correlation Matrix
 --------------------
   1.0000  -0.0004  -0.5748  -0.0000   0.0032   0.0028   0.7070   0.0265  -0.0393  -0.0000   0.0036   0.0001   0.0000
  -0.0004   1.0000  -0.3484   0.0876  -0.0000  -0.0000  -0.1689   0.0000   0.0000   0.0959  -0.0000  -0.2901  -0.0490
  -0.5748  -0.3484   1.0000  -0.0348  -0.0028  -0.0024  -0.5434  -0.0230   0.0340  -0.0382  -0.0031   0.1157   0.0196
  -0.0000   0.0876  -0.0348   1.0000  -0.0000  -0.0000  -0.0169   0.0000   0.0000   0.0265  -0.0000  -0.0335  -0.7458
   0.0032  -0.0000  -0.0028  -0.0000   1.0000  -0.3663   0.0034   0.0149   0.0039  -0.0000   0.0004   0.0000   0.0000
   0.0028  -0.0000  -0.0024  -0.0000  -0.3663   1.0000   0.0029   0.0135   0.0034  -0.0000   0.0003   0.0000   0.0000
   0.7070  -0.1689  -0.5434  -0.0169   0.0034   0.0029   1.0000   0.0282  -0.0418  -0.0185   0.0039   0.0561   0.0095
   0.0265   0.0000  -0.0230   0.0000   0.0149   0.0135   0.0282   1.0000   0.1077   0.0000   0.0092  -0.0000  -0.0000
  -0.0393   0.0000   0.0340   0.0000   0.0039   0.0034  -0.0418   0.1077   1.0000   0.0000   0.0827  -0.0000  -0.0000
  -0.0000   0.0959  -0.0382   0.0265  -0.0000  -0.0000  -0.0185   0.0000   0.0000   1.0000  -0.0000  -0.2943  -0.0831
   0.0036  -0.0000  -0.0031  -0.0000   0.0004   0.0003   0.0039   0.0092   0.0827  -0.0000   1.0000   0.0000   0.0000
   0.0001  -0.2901   0.1157  -0.0335   0.0000   0.0000   0.0561  -0.0000  -0.0000  -0.2943   0.0000   1.0000  -0.0267
   0.0000  -0.0490   0.0196  -0.7458   0.0000   0.0000   0.0095  -0.0000  -0.0000  -0.0831   0.0000  -0.0267   1.0000
