
  RooFitResult: minimized FCN value: -716972, estimated distance to minimum: 8.64685e-06
                covariance matrix quality: Full, accurate covariance matrix
                Status : MIGRAD=4 HESSE=0 MINOS=0 

    Constant Parameter    Value     
  --------------------  ------------
              peakFail    9.1188e+01

    Floating Parameter  InitialValue    FinalValue (+HiError,-LoError)    GblCorr.
  --------------------  ------------  ----------------------------------  --------
              NbkgFail    6.1530e+02    2.0491e+03         +/-  7.55e+01  <none>
              NbkgPass    5.0000e+01    1.9474e+03         +/-  1.32e+02  <none>
                  Nsig    8.6658e+04    1.0433e+05         +/-  3.51e+02  <none>
                 aPass    0.0000e+00    9.9980e+00         +/-  1.67e+01  <none>
              alfaFail    6.0000e+01    8.0000e+01         +/-  6.21e-01  <none>
              betaFail    5.0000e-02    3.4727e-02         +/-  2.77e-03  <none>
                   eff    8.0000e-01    9.6066e-01 (+8.16e-04,-8.23e-04)  <none>
             gammaFail    1.0000e-01    2.7200e-15         +/-  6.70e-04  <none>
              meanFail    0.0000e+00    6.7078e-02         +/-  5.46e-02  <none>
              meanPass    0.0000e+00   -3.7843e-02         +/-  1.02e-02  <none>
             sigmaFail    2.0000e+00    5.8941e-01         +/-  1.45e-01  <none>
             sigmaPass    2.0000e+00    2.3314e-01         +/-  4.56e-02  <none>
                 tPass   -1.0000e-06   -7.6218e-10         +/-  5.40e-04  <none>


  Correlation Matrix
 --------------------
   1.0000  -0.0013  -0.1355   0.0000   0.0261   0.3296   0.5426   0.0478  -0.0286  -0.0000  -0.2485   0.0002   0.0001
  -0.0013   1.0000  -0.3301  -0.0093  -0.0001  -0.0007  -0.0548  -0.0001   0.0001   0.0171   0.0005  -0.1257  -0.0950
  -0.1355  -0.3301   1.0000   0.0034  -0.0055  -0.0698  -0.0951  -0.0101   0.0060  -0.0064   0.0527   0.0467   0.0352
   0.0000  -0.0093   0.0034   1.0000   0.0000   0.0000   0.0006   0.0000  -0.0000   0.0005  -0.0000   0.0011  -0.0005
   0.0261  -0.0001  -0.0055   0.0000   1.0000   0.1690   0.0221  -0.0260   0.0123  -0.0000  -0.0143   0.0000   0.0000
   0.3296  -0.0007  -0.0698   0.0000   0.1690   1.0000   0.2797   0.1611  -0.0521  -0.0000  -0.1385   0.0001   0.0001
   0.5426  -0.0548  -0.0951   0.0006   0.0221   0.2797   1.0000   0.0406  -0.0242  -0.0011  -0.2110   0.0077   0.0058
   0.0478  -0.0001  -0.0101   0.0000  -0.0260   0.1611   0.0406   1.0000   0.0093  -0.0000  -0.0241   0.0000   0.0000
  -0.0286   0.0001   0.0060  -0.0000   0.0123  -0.0521  -0.0242   0.0093   1.0000   0.0000   0.0465  -0.0000  -0.0000
  -0.0000   0.0171  -0.0064   0.0005  -0.0000  -0.0000  -0.0011  -0.0000   0.0000   1.0000   0.0000   0.1112   0.0065
  -0.2485   0.0005   0.0527  -0.0000  -0.0143  -0.1385  -0.2110  -0.0241   0.0465   0.0000   1.0000  -0.0001  -0.0001
   0.0002  -0.1257   0.0467   0.0011   0.0000   0.0001   0.0077   0.0000  -0.0000   0.1112  -0.0001   1.0000   0.0103
   0.0001  -0.0950   0.0352  -0.0005   0.0000   0.0001   0.0058   0.0000  -0.0000   0.0065  -0.0001   0.0103   1.0000
