
  RooFitResult: minimized FCN value: -4.28115e+06, estimated distance to minimum: 0.000529069
                covariance matrix quality: Full, accurate covariance matrix
                Status : MIGRAD=0 HESSE=0 

    Constant Parameter    Value     
  --------------------  ------------
              peakFail    9.1188e+01

    Floating Parameter  InitialValue    FinalValue +/-  Error     GblCorr.
  --------------------  ------------  --------------------------  --------
              NbkgFail    1.0383e+04    1.0387e+04 +/-  2.87e+02  <none>
              NbkgPass    1.9178e+03    1.9179e+03 +/-  1.58e+02  <none>
                  Nsig    5.1758e+05    5.1757e+05 +/-  7.83e+02  <none>
                 aPass    9.5677e+00    9.9987e+00 +/-  1.96e+01  <none>
              alfaFail    7.8515e+01    7.8543e+01 +/-  1.61e+00  <none>
              betaFail    6.8489e-02    6.8448e-02 +/-  3.99e-03  <none>
                   eff    9.0847e-01    9.0848e-01 +/-  6.19e-04  <none>
             gammaFail    1.2258e-02    1.2332e-02 +/-  3.84e-03  <none>
              meanFail   -7.8416e-01   -7.8418e-01 +/-  2.43e-02  <none>
              meanPass   -5.4938e-01   -5.4938e-01 +/-  6.34e-03  <none>
             sigmaFail    7.7264e-01    7.7224e-01 +/-  9.92e-02  <none>
             sigmaPass    8.9069e-01    8.9070e-01 +/-  2.16e-02  <none>
                 tPass   -2.2960e-09   -1.7234e-07 +/-  7.09e-04  <none>


  Correlation Matrix
 --------------------
   1.0000   0.0007  -0.3217  -0.0003   0.6034  -0.1787   0.7111   0.7044   0.0231   0.0001  -0.5106  -0.0003  -0.0000
   0.0007   1.0000  -0.1868  -0.0013   0.0011  -0.0008  -0.0412   0.0010  -0.0002   0.0183  -0.0004  -0.1437  -0.0138
  -0.3217  -0.1868   1.0000   0.0004  -0.2233   0.0672  -0.2534  -0.2602  -0.0081  -0.0038   0.1879   0.0296   0.0028
  -0.0003  -0.0013   0.0004   1.0000  -0.0006   0.0005  -0.0002  -0.0006   0.0001   0.0001   0.0002   0.0001  -0.0000
   0.6034   0.0011  -0.2233  -0.0006   1.0000  -0.7854   0.4910   0.9481  -0.1915   0.0001  -0.2913  -0.0003  -0.0000
  -0.1787  -0.0008   0.0672   0.0005  -0.7854   1.0000  -0.1454  -0.6070   0.2958  -0.0001   0.0335   0.0002   0.0000
   0.7111  -0.0412  -0.2534  -0.0002   0.4910  -0.1454   1.0000   0.5731   0.0188  -0.0008  -0.4156   0.0062   0.0006
   0.7044   0.0010  -0.2602  -0.0006   0.9481  -0.6070   0.5731   1.0000  -0.0835   0.0001  -0.3685  -0.0004  -0.0000
   0.0231  -0.0002  -0.0081   0.0001  -0.1915   0.2958   0.0188  -0.0835   1.0000  -0.0000  -0.0539   0.0000   0.0000
   0.0001   0.0183  -0.0038   0.0001   0.0001  -0.0001  -0.0008   0.0001  -0.0000   1.0000  -0.0000  -0.0293   0.0014
  -0.5106  -0.0004   0.1879   0.0002  -0.2913   0.0335  -0.4156  -0.3685  -0.0539  -0.0000   1.0000   0.0002   0.0000
  -0.0003  -0.1437   0.0296   0.0001  -0.0003   0.0002   0.0062  -0.0004   0.0000  -0.0293   0.0002   1.0000   0.0016
  -0.0000  -0.0138   0.0028  -0.0000  -0.0000   0.0000   0.0006  -0.0000   0.0000   0.0014   0.0000   0.0016   1.0000
