
  RooFitResult: minimized FCN value: -2.17606e+06, estimated distance to minimum: 3.06664e-06
                covariance matrix quality: Full, accurate covariance matrix
                Status : MIGRAD=4 HESSE=0 MINOS=0 

    Constant Parameter    Value     
  --------------------  ------------
              peakFail    9.1188e+01

    Floating Parameter  InitialValue    FinalValue (+HiError,-LoError)    GblCorr.
  --------------------  ------------  ----------------------------------  --------
              NbkgFail    1.5558e+03    4.7463e+03         +/-  1.15e+02  <none>
              NbkgPass    5.0000e+01    3.5770e+03         +/-  1.88e+02  <none>
                  Nsig    2.3156e+05    2.8113e+05         +/-  5.66e+02  <none>
                 aPass    0.0000e+00    1.0000e+01         +/-  1.00e+01  <none>
              alfaFail    6.5000e+01    8.5000e+01         +/-  4.01e-01  <none>
              betaFail    5.0000e-02    3.1086e-02         +/-  1.37e-03  <none>
                   eff    8.0000e-01    9.6154e-01 (+4.77e-04,-4.79e-04)  <none>
             gammaFail    1.0000e-01    9.4297e-11         +/-  3.27e-04  <none>
              meanFail    0.0000e+00   -3.4926e-01         +/-  4.79e-02  <none>
              meanPass    0.0000e+00   -1.9042e-01         +/-  7.82e-03  <none>
             sigmaFail    2.0000e+00    1.0106e+00         +/-  1.04e-01  <none>
             sigmaPass    2.0000e+00    7.8887e-01         +/-  2.52e-02  <none>
                 tPass   -1.0000e-06   -5.1514e-13         +/-  3.53e-04  <none>


  Correlation Matrix
 --------------------
   1.0000  -0.0015  -0.1263   0.0000   0.0675   0.2624   0.5215   0.0770  -0.0649  -0.0000  -0.2384   0.0002   0.0002
  -0.0015   1.0000  -0.2950  -0.0110  -0.0002  -0.0006  -0.0495  -0.0002   0.0001   0.0284   0.0005  -0.1520  -0.1495
  -0.1263  -0.2950   1.0000   0.0036  -0.0133  -0.0520  -0.0876  -0.0152   0.0129  -0.0093   0.0473   0.0498   0.0489
   0.0000  -0.0110   0.0036   1.0000   0.0000   0.0000   0.0006   0.0000  -0.0000   0.0006  -0.0000   0.0015  -0.0007
   0.0675  -0.0002  -0.0133   0.0000   1.0000   0.2936   0.0552  -0.0233   0.0165  -0.0000  -0.0314   0.0000   0.0000
   0.2624  -0.0006  -0.0520   0.0000   0.2936   1.0000   0.2148   0.2273  -0.1142  -0.0000  -0.0760   0.0001   0.0001
   0.5215  -0.0495  -0.0876   0.0006   0.0552   0.2148   1.0000   0.0630  -0.0532  -0.0016  -0.1953   0.0084   0.0082
   0.0770  -0.0002  -0.0152   0.0000  -0.0233   0.2273   0.0630   1.0000   0.0113  -0.0000  -0.0343   0.0000   0.0000
  -0.0649   0.0001   0.0129  -0.0000   0.0165  -0.1142  -0.0532   0.0113   1.0000   0.0000   0.0419  -0.0000  -0.0000
  -0.0000   0.0284  -0.0093   0.0006  -0.0000  -0.0000  -0.0016  -0.0000   0.0000   1.0000   0.0000   0.0220   0.0108
  -0.2384   0.0005   0.0473  -0.0000  -0.0314  -0.0760  -0.1953  -0.0343   0.0419   0.0000   1.0000  -0.0001  -0.0001
   0.0002  -0.1520   0.0498   0.0015   0.0000   0.0001   0.0084   0.0000  -0.0000   0.0220  -0.0001   1.0000   0.0174
   0.0002  -0.1495   0.0489  -0.0007   0.0000   0.0001   0.0082   0.0000  -0.0000   0.0108  -0.0001   0.0174   1.0000
