
  RooFitResult: minimized FCN value: -787340, estimated distance to minimum: 0.000498461
                covariance matrix quality: Full, accurate covariance matrix
                Status : MIGRAD=0 HESSE=0 

    Constant Parameter    Value     
  --------------------  ------------
              peakFail    9.1188e+01

    Floating Parameter  InitialValue    FinalValue +/-  Error     GblCorr.
  --------------------  ------------  --------------------------  --------
              NbkgFail    1.4252e+04    1.4252e+04 +/-  2.57e+02  <none>
              NbkgPass    4.3404e+03    4.3406e+03 +/-  2.30e+02  <none>
                  Nsig    1.1163e+05    1.1163e+05 +/-  4.60e+02  <none>
                 aPass    4.5351e+00    9.7406e+00 +/-  1.20e+01  <none>
              alfaFail    5.4941e+01    5.4909e+01 +/-  3.35e+00  <none>
              betaFail    1.1789e-01    1.1744e-01 +/-  6.26e-02  <none>
                   eff    9.0265e-01    9.0265e-01 +/-  2.06e-03  <none>
             gammaFail    3.8429e-02    3.8435e-02 +/-  1.00e-03  <none>
              meanFail   -1.7162e+00   -1.7160e+00 +/-  9.56e-02  <none>
              meanPass   -9.2460e-01   -9.2458e-01 +/-  1.88e-02  <none>
             sigmaFail    4.6804e-01    4.6908e-01 +/-  3.49e-01  <none>
             sigmaPass    1.1785e+00    1.1781e+00 +/-  5.60e-02  <none>
                 tPass   -5.5773e-02   -5.5788e-02 +/-  2.48e-03  <none>


  Correlation Matrix
 --------------------
   1.0000  -0.0000  -0.4388   0.0000  -0.2398  -0.3112   0.7949   0.0996   0.2123  -0.0000  -0.5240  -0.0000   0.0000
  -0.0000   1.0000  -0.4577  -0.0002  -0.0001  -0.0001  -0.0894   0.0000   0.0000   0.0906   0.0000  -0.3234   0.3168
  -0.4388  -0.4577   1.0000   0.0001   0.1341   0.1740  -0.3998  -0.0557  -0.1187  -0.0452   0.2929   0.1613  -0.1580
   0.0000  -0.0002   0.0001   1.0000  -0.0000  -0.0000   0.0000   0.0000   0.0000  -0.0001  -0.0000   0.0001   0.0015
  -0.2398  -0.0001   0.1341  -0.0000   1.0000   0.9631  -0.2428  -0.4305  -0.1274  -0.0000   0.1219   0.0001  -0.0000
  -0.3112  -0.0001   0.1740  -0.0000   0.9631   1.0000  -0.3152  -0.5707  -0.1728  -0.0000   0.1655   0.0001  -0.0000
   0.7949  -0.0894  -0.3998   0.0000  -0.2428  -0.3152   1.0000   0.1009   0.2150  -0.0088  -0.5307   0.0315  -0.0308
   0.0996   0.0000  -0.0557   0.0000  -0.4305  -0.5707   0.1009   1.0000   0.2034   0.0000   0.0815  -0.0000   0.0000
   0.2123   0.0000  -0.1187   0.0000  -0.1274  -0.1728   0.2150   0.2034   1.0000   0.0000  -0.3135  -0.0000   0.0000
  -0.0000   0.0906  -0.0452  -0.0001  -0.0000  -0.0000  -0.0088   0.0000   0.0000   1.0000   0.0000  -0.2030  -0.0451
  -0.5240   0.0000   0.2929  -0.0000   0.1219   0.1655  -0.5307   0.0815  -0.3135   0.0000   1.0000   0.0000  -0.0000
  -0.0000  -0.3234   0.1613   0.0001   0.0001   0.0001   0.0315  -0.0000  -0.0000  -0.2030   0.0000   1.0000  -0.2506
   0.0000   0.3168  -0.1580   0.0015  -0.0000  -0.0000  -0.0308   0.0000   0.0000  -0.0451  -0.0000  -0.2506   1.0000
