
  RooFitResult: minimized FCN value: -409278, estimated distance to minimum: 1.36005e-05
                covariance matrix quality: Full, accurate covariance matrix
                Status : MIGRAD=4 HESSE=0 MINOS=0 

    Constant Parameter    Value     
  --------------------  ------------
              peakFail    9.1188e+01

    Floating Parameter  InitialValue    FinalValue (+HiError,-LoError)    GblCorr.
  --------------------  ------------  ----------------------------------  --------
              NbkgFail    3.9990e+02    1.5184e+01         +/-  5.24e+00  <none>
              NbkgPass    5.0000e+01    3.6062e+02         +/-  6.28e+01  <none>
                  Nsig    5.3798e+04    6.6872e+04         +/-  2.64e+02  <none>
                 aPass    0.0000e+00    1.0000e+01         +/-  1.00e+01  <none>
              alfaFail    6.5000e+01    7.4497e+01         +/-  3.40e+00  <none>
              betaFail    5.0000e-02    2.0000e-01         +/-  1.27e-01  <none>
                   eff    8.0000e-01    9.4043e-01 (+9.14e-04,-9.23e-04)  <none>
             gammaFail    1.0000e-01    9.9951e-01         +/-  8.17e-01  <none>
              meanFail    0.0000e+00    1.2154e-02         +/-  9.55e-02  <none>
              meanPass    0.0000e+00   -1.4254e-01         +/-  1.92e-02  <none>
             sigmaFail    2.0000e+00    2.3119e+00         +/-  1.55e-01  <none>
             sigmaPass    2.0000e+00    1.2557e+00         +/-  5.12e-02  <none>
                 tPass   -1.0000e-06   -5.5600e-13         +/-  1.19e-03  <none>


  Correlation Matrix
 --------------------
   1.0000  -0.0003  -0.0078   0.0000   0.1616   0.0130   0.0346  -0.0005   0.0496  -0.0000  -0.0642   0.0001   0.0000
  -0.0003   1.0000  -0.2004  -0.0049  -0.0001  -0.0000  -0.0558  -0.0000  -0.0000   0.0016   0.0000  -0.1761  -0.0436
  -0.0078  -0.2004   1.0000   0.0011  -0.0027  -0.0002   0.0117  -0.0000  -0.0009  -0.0004   0.0012   0.0388   0.0096
   0.0000  -0.0049   0.0011   1.0000   0.0000   0.0000   0.0003  -0.0000   0.0000   0.0008  -0.0000   0.0006  -0.0004
   0.1616  -0.0001  -0.0027   0.0000   1.0000   0.5395   0.0122  -0.6998   0.0267  -0.0000  -0.0023   0.0000   0.0000
   0.0130  -0.0000  -0.0002   0.0000   0.5395   1.0000   0.0007  -0.0955   0.0028  -0.0000   0.0012   0.0000   0.0000
   0.0346  -0.0558   0.0117   0.0003   0.0122   0.0007   1.0000   0.0000   0.0040  -0.0001  -0.0052   0.0108   0.0027
  -0.0005  -0.0000  -0.0000  -0.0000  -0.6998  -0.0955   0.0000   1.0000  -0.0014   0.0000  -0.0031   0.0000   0.0000
   0.0496  -0.0000  -0.0009   0.0000   0.0267   0.0028   0.0040  -0.0014   1.0000  -0.0000   0.0796   0.0000   0.0000
  -0.0000   0.0016  -0.0004   0.0008  -0.0000  -0.0000  -0.0001   0.0000  -0.0000   1.0000   0.0000  -0.1012   0.0095
  -0.0642   0.0000   0.0012  -0.0000  -0.0023   0.0012  -0.0052  -0.0031   0.0796   0.0000   1.0000  -0.0000  -0.0000
   0.0001  -0.1761   0.0388   0.0006   0.0000   0.0000   0.0108   0.0000   0.0000  -0.1012  -0.0000   1.0000   0.0042
   0.0000  -0.0436   0.0096  -0.0004   0.0000   0.0000   0.0027   0.0000   0.0000   0.0095  -0.0000   0.0042   1.0000
