
  RooFitResult: minimized FCN value: -4.28115e+06, estimated distance to minimum: 6.65413e-05
                covariance matrix quality: Full matrix, but forced positive-definite
                Status : MIGRAD=4 HESSE=0 MINOS=0 

    Constant Parameter    Value     
  --------------------  ------------
              peakFail    9.1188e+01

    Floating Parameter  InitialValue    FinalValue (+HiError,-LoError)    GblCorr.
  --------------------  ------------  ----------------------------------  --------
              NbkgFail    5.7754e+03    1.0386e+04         +/-  1.01e+02  <none>
              NbkgPass    5.0000e+01    1.9183e+03         +/-  1.83e+03  <none>
                  Nsig    4.2390e+05    5.1757e+05         +/-  9.49e+02  <none>
                 aPass    0.0000e+00    9.9635e+00         +/-  1.03e+01  <none>
              alfaFail    6.0000e+01    7.8532e+01         +/-  1.97e-01  <none>
              betaFail    5.0000e-02    6.8466e-02         +/-  1.10e-03  <none>
                   eff    8.0000e-01    9.0848e-01 (+6.12e-04,-5.53e-04)  <none>
             gammaFail    1.0000e-01    1.2307e-02         +/-  5.76e-04  <none>
              meanFail    0.0000e+00   -7.8416e-01         +/-  1.44e-02  <none>
              meanPass    0.0000e+00   -5.4938e-01         +/-  4.03e-03  <none>
             sigmaFail    2.0000e+00    7.7207e-01         +/-  5.39e-02  <none>
             sigmaPass    2.0000e+00    8.9069e-01         +/-  2.20e-02  <none>
                 tPass   -1.0000e-06   -8.3491e-10         +/-  2.17e-02  <none>


  Correlation Matrix
 --------------------
   1.0000   0.0067   0.0215   0.0003   0.0433   0.1197   0.1566   0.0921   0.0067  -0.0006  -0.1087   0.0052   0.0067
   0.0067   1.0000  -0.8748   0.0428   0.0008   0.0021   0.4972   0.0020   0.0001  -0.0954  -0.0018   0.7881   0.9986
   0.0215  -0.8748   1.0000  -0.0374   0.0024   0.0066  -0.4243   0.0048   0.0003   0.0835  -0.0062  -0.6898  -0.8740
   0.0003   0.0428  -0.0374   1.0000   0.0000   0.0001   0.0213   0.0001   0.0000  -0.0038  -0.0001   0.0337   0.0427
   0.0433   0.0008   0.0024   0.0000   1.0000  -0.2598   0.0177   0.3127  -0.0557  -0.0001   0.0017   0.0006   0.0008
   0.1197   0.0021   0.0066   0.0001  -0.2598   1.0000   0.0487   0.1269   0.0426  -0.0002  -0.0352   0.0017   0.0021
   0.1566   0.4972  -0.4243   0.0213   0.0177   0.0487   1.0000   0.0376   0.0028  -0.0475  -0.0442   0.3921   0.4968
   0.0921   0.0020   0.0048   0.0001   0.3127   0.1269   0.0376   1.0000   0.0655  -0.0002  -0.0304   0.0015   0.0019
   0.0067   0.0001   0.0003   0.0000  -0.0557   0.0426   0.0028   0.0655   1.0000  -0.0000  -0.0104   0.0001   0.0001
  -0.0006  -0.0954   0.0835  -0.0038  -0.0001  -0.0002  -0.0475  -0.0002  -0.0000   1.0000   0.0002  -0.0818  -0.0953
  -0.1087  -0.0018  -0.0062  -0.0001   0.0017  -0.0352  -0.0442  -0.0304  -0.0104   0.0002   1.0000  -0.0014  -0.0018
   0.0052   0.7881  -0.6898   0.0337   0.0006   0.0017   0.3921   0.0015   0.0001  -0.0818  -0.0014   1.0000   0.7874
   0.0067   0.9986  -0.8740   0.0427   0.0008   0.0021   0.4968   0.0019   0.0001  -0.0953  -0.0018   0.7874   1.0000
