
  RooFitResult: minimized FCN value: -1.36567e+06, estimated distance to minimum: 3.99822e-07
                covariance matrix quality: Full, accurate covariance matrix
                Status : MIGRAD=4 HESSE=0 MINOS=0 

    Constant Parameter    Value     
  --------------------  ------------
              peakFail    9.1188e+01

    Floating Parameter  InitialValue    FinalValue (+HiError,-LoError)    GblCorr.
  --------------------  ------------  ----------------------------------  --------
              NbkgFail    1.3905e+03    3.5546e+03         +/-  1.31e+02  <none>
              NbkgPass    5.0000e+01    1.8391e+03         +/-  1.33e+02  <none>
                  Nsig    1.5554e+05    1.8903e+05         +/-  4.67e+02  <none>
                 aPass    0.0000e+00    1.0000e+01         +/-  1.89e+01  <none>
              alfaFail    6.5000e+01    8.5000e+01         +/-  3.43e+01  <none>
              betaFail    5.0000e-02    1.8266e-02         +/-  5.98e-03  <none>
                   eff    8.0000e-01    9.4524e-01 (+7.92e-04,-7.89e-04)  <none>
             gammaFail    1.0000e-01   -1.9081e-02         +/-  6.87e-03  <none>
              meanFail    0.0000e+00   -5.2811e-01         +/-  5.85e-02  <none>
              meanPass    0.0000e+00   -3.6174e-01         +/-  1.13e-02  <none>
             sigmaFail    2.0000e+00    1.2950e+00         +/-  1.53e-01  <none>
             sigmaPass    2.0000e+00    7.7939e-01         +/-  4.49e-02  <none>
                 tPass   -1.0000e-06   -3.8902e-13         +/-  5.64e-04  <none>


  Correlation Matrix
 --------------------
   1.0000  -0.0023  -0.2176   0.0000  -0.1145   0.6453   0.6621   0.5765  -0.1073  -0.0000  -0.4535   0.0005   0.0004
  -0.0023   1.0000  -0.2532  -0.0123   0.0003  -0.0019  -0.0462  -0.0017   0.0003   0.0172   0.0013  -0.1775  -0.1561
  -0.2176  -0.2532   1.0000   0.0035   0.0314  -0.1771  -0.1694  -0.1582   0.0295  -0.0049   0.1246   0.0500   0.0439
   0.0000  -0.0123   0.0035   1.0000  -0.0000   0.0000   0.0006   0.0000  -0.0000   0.0007  -0.0000   0.0020  -0.0002
  -0.1145   0.0003   0.0314  -0.0000   1.0000   0.0371  -0.0957  -0.6413   0.0118   0.0000   0.0667  -0.0001  -0.0001
   0.6453  -0.0019  -0.1771   0.0000   0.0371   1.0000   0.5392   0.7175  -0.0663  -0.0000  -0.3637   0.0004   0.0003
   0.6621  -0.0462  -0.1694   0.0006  -0.0957   0.5392   1.0000   0.4817  -0.0898  -0.0009  -0.3792   0.0091   0.0080
   0.5765  -0.0017  -0.1582   0.0000  -0.6413   0.7175   0.4817   1.0000  -0.0265  -0.0000  -0.3341   0.0003   0.0003
  -0.1073   0.0003   0.0295  -0.0000   0.0118  -0.0663  -0.0898  -0.0265   1.0000   0.0000   0.1323  -0.0001  -0.0001
  -0.0000   0.0172  -0.0049   0.0007   0.0000  -0.0000  -0.0009  -0.0000   0.0000   1.0000   0.0000   0.0793   0.0123
  -0.4535   0.0013   0.1246  -0.0000   0.0667  -0.3637  -0.3792  -0.3341   0.1323   0.0000   1.0000  -0.0003  -0.0002
   0.0005  -0.1775   0.0500   0.0020  -0.0001   0.0004   0.0091   0.0003  -0.0001   0.0793  -0.0003   1.0000   0.0236
   0.0004  -0.1561   0.0439  -0.0002  -0.0001   0.0003   0.0080   0.0003  -0.0001   0.0123  -0.0002   0.0236   1.0000
