
  RooFitResult: minimized FCN value: -9.5092e+06, estimated distance to minimum: 0.0197751
                covariance matrix quality: Full matrix, but forced positive-definite
                Status : MIGRAD=4 HESSE=0 

    Constant Parameter    Value     
  --------------------  ------------
              peakFail    9.1188e+01

    Floating Parameter  InitialValue    FinalValue +/-  Error     GblCorr.
  --------------------  ------------  --------------------------  --------
              NbkgFail    1.4273e+04    1.4279e+04 +/-  9.70e+01  <none>
              NbkgPass    2.0067e+03    2.0088e+03 +/-  2.68e+03  <none>
                  Nsig    1.0564e+06    1.0564e+06 +/-  9.97e+02  <none>
                 aPass    1.0000e+01    9.9999e+00 +/-  1.83e+01  <none>
              alfaFail    6.5425e+01    6.5475e+01 +/-  2.28e-01  <none>
              betaFail    7.1588e-02    7.1221e-02 +/-  3.07e-03  <none>
                   eff    9.4250e-01    9.4250e-01 +/-  1.40e-04  <none>
             gammaFail    2.4628e-03    2.5394e-03 +/-  3.53e-04  <none>
              meanFail   -4.8074e-01   -4.8091e-01 +/-  1.08e-02  <none>
              meanPass   -3.5039e-01   -3.5038e-01 +/-  2.16e-03  <none>
             sigmaFail    6.1559e-01    6.1513e-01 +/-  3.80e-02  <none>
             sigmaPass    3.4965e-01    3.4941e-01 +/-  2.59e-02  <none>
                 tPass   -7.3374e-11   -1.3294e-06 +/-  4.18e-02  <none>


  Correlation Matrix
 --------------------
   1.0000  -0.0040  -0.0132  -0.0003   0.0427   0.0474   0.1173   0.0746   0.0072   0.0010  -0.0482   0.0024   0.0039
  -0.0040   1.0000  -0.8326   0.0773   0.0000   0.0015  -0.3548  -0.0064  -0.0004  -0.2603   0.0071  -0.6189  -0.9987
  -0.0132  -0.8326   1.0000  -0.0644  -0.0033  -0.0031   0.2889   0.0010  -0.0000   0.2167  -0.0037   0.5154   0.8318
  -0.0003   0.0773  -0.0644   1.0000   0.0000   0.0001  -0.0275  -0.0005  -0.0000  -0.0195   0.0005  -0.0479  -0.0773
   0.0427   0.0000  -0.0033   0.0000   1.0000  -0.0587   0.0177   0.2396  -0.0311  -0.0000  -0.0075   0.0000  -0.0000
   0.0474   0.0015  -0.0031   0.0001  -0.0587   1.0000   0.0191  -0.0727   0.0412  -0.0004  -0.0036  -0.0010  -0.0015
   0.1173  -0.3548   0.2889  -0.0275   0.0177   0.0191   1.0000   0.0334   0.0031   0.0923  -0.0224   0.2196   0.3544
   0.0746  -0.0064   0.0010  -0.0005   0.2396  -0.0727   0.0334   1.0000   0.0436   0.0017  -0.0094   0.0040   0.0064
   0.0072  -0.0004  -0.0000  -0.0000  -0.0311   0.0412   0.0031   0.0436   1.0000   0.0001  -0.0390   0.0002   0.0004
   0.0010  -0.2603   0.2167  -0.0195  -0.0000  -0.0004   0.0923   0.0017   0.0001   1.0000  -0.0018   0.1291   0.2604
  -0.0482   0.0071  -0.0037   0.0005  -0.0075  -0.0036  -0.0224  -0.0094  -0.0390  -0.0018   1.0000  -0.0044  -0.0071
   0.0024  -0.6189   0.5154  -0.0479   0.0000  -0.0010   0.2196   0.0040   0.0002   0.1291  -0.0044   1.0000   0.6180
   0.0039  -0.9987   0.8318  -0.0773  -0.0000  -0.0015   0.3544   0.0064   0.0004   0.2604  -0.0071   0.6180   1.0000
