
  RooFitResult: minimized FCN value: -218771, estimated distance to minimum: 1.43974e-07
                covariance matrix quality: Full, accurate covariance matrix
                Status : MIGRAD=4 HESSE=0 MINOS=0 

    Constant Parameter    Value     
  --------------------  ------------
              peakFail    9.1188e+01

    Floating Parameter  InitialValue    FinalValue (+HiError,-LoError)    GblCorr.
  --------------------  ------------  ----------------------------------  --------
              NbkgFail    5.2970e+02    2.2663e+03         +/-  8.07e+01  <none>
              NbkgPass    5.0000e+01    8.3348e+02         +/-  8.02e+01  <none>
                  Nsig    3.3045e+04    3.8206e+04         +/-  2.20e+02  <none>
                 aPass    0.0000e+00    1.0000e+01         +/-  1.26e+01  <none>
              alfaFail    7.5000e+01    8.0000e+01         +/-  7.79e-02  <none>
              betaFail    5.0000e-02    4.8996e-02         +/-  3.14e-03  <none>
                   eff    8.0000e-01    9.2068e-01 (+2.09e-03,-2.10e-03)  <none>
             gammaFail    1.0000e-01    2.0745e-13         +/-  1.11e-04  <none>
              meanFail    0.0000e+00   -2.1108e-01         +/-  1.05e-01  <none>
              meanPass    0.0000e+00   -2.5161e-01         +/-  2.38e-02  <none>
             sigmaFail    2.0000e+00    8.0359e-01         +/-  2.42e-01  <none>
             sigmaPass    2.0000e+00    5.7424e-01         +/-  1.08e-01  <none>
                 tPass   -1.0000e-06   -8.3411e-11         +/-  1.44e-03  <none>


  Correlation Matrix
 --------------------
   1.0000   0.0012   0.2413  -0.0000  -0.0018   0.3358   0.6044   0.0036  -0.0193   0.0000  -0.2709  -0.0003  -0.0001
   0.0012   1.0000   0.3214  -0.0118  -0.0000   0.0006  -0.0680   0.0000  -0.0000   0.0277  -0.0005  -0.1865  -0.0997
   0.2413   0.3214   1.0000  -0.0043  -0.0007   0.1243   0.1985   0.0013  -0.0072   0.0102  -0.1004  -0.0688  -0.0367
  -0.0000  -0.0118  -0.0043   1.0000   0.0000  -0.0000   0.0009  -0.0000   0.0000   0.0006   0.0000   0.0022  -0.0006
  -0.0018  -0.0000  -0.0007   0.0000   1.0000   0.0100  -0.0017  -0.0005   0.0051  -0.0000  -0.0005   0.0000   0.0000
   0.3358   0.0006   0.1243  -0.0000   0.0100   1.0000   0.3116   0.0126   0.0146   0.0000  -0.1205  -0.0001  -0.0001
   0.6044  -0.0680   0.1985   0.0009  -0.0017   0.3116   1.0000   0.0033  -0.0180  -0.0022  -0.2515   0.0145   0.0078
   0.0036   0.0000   0.0013  -0.0000  -0.0005   0.0126   0.0033   1.0000   0.0042   0.0000  -0.0024  -0.0000  -0.0000
  -0.0193  -0.0000  -0.0072   0.0000   0.0051   0.0146  -0.0180   0.0042   1.0000  -0.0000  -0.0337   0.0000   0.0000
   0.0000   0.0277   0.0102   0.0006  -0.0000   0.0000  -0.0022   0.0000  -0.0000   1.0000  -0.0000   0.0836   0.0076
  -0.2709  -0.0005  -0.1004   0.0000  -0.0005  -0.1205  -0.2515  -0.0024  -0.0337  -0.0000   1.0000   0.0001   0.0001
  -0.0003  -0.1865  -0.0688   0.0022   0.0000  -0.0001   0.0145  -0.0000   0.0000   0.0836   0.0001   1.0000   0.0166
  -0.0001  -0.0997  -0.0367  -0.0006   0.0000  -0.0001   0.0078  -0.0000   0.0000   0.0076   0.0001   0.0166   1.0000
