
  RooFitResult: minimized FCN value: -723432, estimated distance to minimum: 64784.5
                covariance matrix quality: Full matrix, but forced positive-definite
                Status : MIGRAD=4 HESSE=0 MINOS=0 

    Constant Parameter    Value     
  --------------------  ------------
              peakFail    9.1188e+01

    Floating Parameter  InitialValue    FinalValue +/-  Error     GblCorr.
  --------------------  ------------  --------------------------  --------
              NbkgFail    3.0645e+03    1.6993e+04 +/-  1.74e+02  <none>
              NbkgPass    5.0000e+01    3.4426e+03 +/-  1.50e+02  <none>
                  Nsig    9.7159e+04    1.0101e+05 +/-  3.23e+02  <none>
                 aPass    0.0000e+00    1.0000e+01 +/-  1.98e+01  <none>
              alfaFail    6.5000e+01    5.6288e+01 +/-  3.51e+00  <none>
              betaFail    5.0000e-02    1.9842e-01 +/-  1.00e-01  <none>
                   eff    8.0000e-01    8.6485e-01 +/-  1.46e-03  <none>
             gammaFail    1.0000e-01    4.3234e-02 +/-  8.21e-03  <none>
              meanFail    0.0000e+00   -1.9005e+00 +/-  1.04e-01  <none>
              meanPass    0.0000e+00   -1.3171e+00 +/-  1.48e-02  <none>
             sigmaFail    2.0000e+00    5.3062e-01 +/-  1.38e-01  <none>
             sigmaPass    2.0000e+00    8.3475e-01 +/-  4.96e-02  <none>
                 tPass   -1.0000e-06   -6.2903e-02 +/-  2.87e-03  <none>


  Correlation Matrix
 --------------------
   1.0000  -0.0071  -0.2629  -0.0002  -0.4448  -0.4423   0.5361  -0.4602  -0.3718   0.0005  -0.3058  -0.0012  -0.0036
  -0.0071   1.0000  -0.3178  -0.0041   0.0045   0.0045  -0.1093   0.0047   0.0029   0.0344   0.0036  -0.1654   0.3863
  -0.2629  -0.3178   1.0000   0.0016   0.2109   0.2097  -0.2248   0.2186   0.1721  -0.0132   0.1473   0.0626  -0.1433
  -0.0002  -0.0041   0.0016   1.0000   0.0005   0.0005   0.0003   0.0005   0.0006  -0.0004   0.0002   0.0011   0.0162
  -0.4448   0.0045   0.2109   0.0005   1.0000   0.9973  -0.4243   0.9971   0.8279  -0.0007   0.5384   0.0038   0.0028
  -0.4423   0.0045   0.2097   0.0005   0.9973   1.0000  -0.4217   0.9966   0.8279  -0.0007   0.5373   0.0038   0.0028
   0.5361  -0.1093  -0.2248   0.0003  -0.4243  -0.4217   1.0000  -0.4399  -0.3425  -0.0033  -0.2984   0.0192  -0.0498
  -0.4602   0.0047   0.2186   0.0005   0.9971   0.9966  -0.4399   1.0000   0.8310  -0.0007   0.5410   0.0038   0.0029
  -0.3718   0.0029   0.1721   0.0006   0.8279   0.8279  -0.3425   0.8310   1.0000  -0.0008   0.3987   0.0050   0.0023
   0.0005   0.0344  -0.0132  -0.0004  -0.0007  -0.0007  -0.0033  -0.0007  -0.0008   1.0000  -0.0004  -0.0983  -0.0297
  -0.3058   0.0036   0.1473   0.0002   0.5384   0.5373  -0.2984   0.5410   0.3987  -0.0004   1.0000   0.0016   0.0020
  -0.0012  -0.1654   0.0626   0.0011   0.0038   0.0038   0.0192   0.0038   0.0050  -0.0983   0.0016   1.0000  -0.1397
  -0.0036   0.3863  -0.1433   0.0162   0.0028   0.0028  -0.0498   0.0029   0.0023  -0.0297   0.0020  -0.1397   1.0000
