
  RooFitResult: minimized FCN value: -55134.8, estimated distance to minimum: 0.000735264
                covariance matrix quality: Full, accurate covariance matrix
                Status : MIGRAD=0 HESSE=0 MINOS=0 

    Constant Parameter    Value     
  --------------------  ------------
              peakFail    9.1188e+01

    Floating Parameter  InitialValue    FinalValue (+HiError,-LoError)    GblCorr.
  --------------------  ------------  ----------------------------------  --------
              NbkgFail    7.1400e+01    2.8445e+02         +/-  2.35e+01  <none>
              NbkgPass    5.0000e+01    1.9348e+02         +/-  5.57e+01  <none>
                  Nsig    9.8536e+03    1.1839e+04         +/-  1.23e+02  <none>
                 aPass    0.0000e+00    1.6647e+00         +/-  1.41e+01  <none>
              alfaFail    6.0000e+01    6.4369e+01         +/-  1.55e+00  <none>
              betaFail    5.0000e-02    1.3538e-01         +/-  5.28e-02  <none>
                   eff    8.0000e-01    9.6372e-01 (+2.18e-03,-2.20e-03)  <none>
             gammaFail    1.0000e-01    1.5904e-07         +/-  2.14e-03  <none>
              meanFail    0.0000e+00    3.7992e-01         +/-  1.57e-01  <none>
              meanPass    0.0000e+00    1.8962e-01         +/-  2.88e-02  <none>
             sigmaFail    2.0000e+00    8.2343e-01         +/-  2.36e-01  <none>
             sigmaPass    2.0000e+00    5.4330e-01         +/-  7.29e-02  <none>
                 tPass   -1.0000e-06   -2.3012e-02         +/-  1.39e-02  <none>


  Correlation Matrix
 --------------------
   1.0000  -0.0000  -0.0938  -0.0000   0.2072  -0.0864   0.4283   0.0023   0.0076   0.0000  -0.2213  -0.0000  -0.0000
  -0.0000   1.0000  -0.4265  -0.0123  -0.0000  -0.0000  -0.0733  -0.0000  -0.0000   0.0015  -0.0000  -0.1452   0.6298
  -0.0938  -0.4265   1.0000   0.0056  -0.0399   0.0166  -0.0491  -0.0004  -0.0015  -0.0007   0.0426   0.0661  -0.2864
  -0.0000  -0.0123   0.0056   1.0000  -0.0000   0.0000   0.0010  -0.0000   0.0000  -0.0044   0.0000   0.0033   0.2025
   0.2072  -0.0000  -0.0399  -0.0000   1.0000  -0.1331   0.1820   0.0168  -0.0061  -0.0000  -0.1077   0.0000  -0.0000
  -0.0864  -0.0000   0.0166   0.0000  -0.1331   1.0000  -0.0759  -0.0065   0.0091  -0.0000   0.0538   0.0000   0.0000
   0.4283  -0.0733  -0.0491   0.0010   0.1820  -0.0759   1.0000   0.0020   0.0067  -0.0001  -0.1944   0.0113  -0.0492
   0.0023  -0.0000  -0.0004  -0.0000   0.0168  -0.0065   0.0020   1.0000   0.0011   0.0000  -0.0013  -0.0000  -0.0000
   0.0076  -0.0000  -0.0015   0.0000  -0.0061   0.0091   0.0067   0.0011   1.0000  -0.0000   0.1126   0.0000   0.0000
   0.0000   0.0015  -0.0007  -0.0044  -0.0000  -0.0000  -0.0001   0.0000  -0.0000   1.0000  -0.0000  -0.0840  -0.0460
  -0.2213  -0.0000   0.0426   0.0000  -0.1077   0.0538  -0.1944  -0.0013   0.1126  -0.0000   1.0000   0.0000  -0.0000
  -0.0000  -0.1452   0.0661   0.0033   0.0000   0.0000   0.0113  -0.0000   0.0000  -0.0840   0.0000   1.0000  -0.0858
  -0.0000   0.6298  -0.2864   0.2025  -0.0000   0.0000  -0.0492  -0.0000   0.0000  -0.0460  -0.0000  -0.0858   1.0000
