
  RooFitResult: minimized FCN value: -544193, estimated distance to minimum: 0.0258023
                covariance matrix quality: Full matrix, but forced positive-definite
                Status : MIGRAD=4 HESSE=0 MINOS=0 

    Constant Parameter    Value     
  --------------------  ------------
              peakFail    9.1188e+01

    Floating Parameter  InitialValue    FinalValue (+HiError,-LoError)    GblCorr.
  --------------------  ------------  ----------------------------------  --------
              NbkgFail    5.3650e+02    2.2332e+03         +/-  5.90e+01  <none>
              NbkgPass    5.0000e+01    1.8366e+03         +/-  1.73e+03  <none>
                  Nsig    6.9405e+04    8.2686e+04         +/-  1.41e+03  <none>
                 aPass    0.0000e+00    1.2270e+00         +/-  3.04e+00  <none>
              alfaFail    7.5000e+01    8.0000e+01         +/-  5.57e-01  <none>
              betaFail    5.0000e-02    2.9297e-02         +/-  2.67e-03  <none>
                   eff    8.0000e-01    9.6212e-01 (+9.38e-04,-8.61e-04)  <none>
             gammaFail    1.0000e-01    3.2701e-10         +/-  9.93e-05  <none>
              meanFail    0.0000e+00   -3.4131e-01         +/-  7.70e-02  <none>
              meanPass    0.0000e+00   -9.0333e-02         +/-  1.27e-02  <none>
             sigmaFail    2.0000e+00    8.1354e-01         +/-  1.55e-01  <none>
             sigmaPass    2.0000e+00    7.3743e-01         +/-  8.28e-02  <none>
                 tPass   -1.0000e-06   -2.7206e-08         +/-  2.79e-02  <none>


  Correlation Matrix
 --------------------
   1.0000   0.0316   0.0135   0.0099   0.0609   0.0559   0.3199  -0.1222  -0.0090  -0.0104  -0.1663   0.0281   0.0315
   0.0316   1.0000   0.9832   0.3145   0.0042   0.0038   0.6792  -0.0084  -0.0006  -0.3293  -0.0115   0.8896   0.9980
   0.0135   0.9832   1.0000   0.3095   0.0018   0.0016   0.6568  -0.0036  -0.0003  -0.3240  -0.0049   0.8752   0.9818
   0.0099   0.3145   0.3095   1.0000   0.0013   0.0012   0.2137  -0.0026  -0.0002  -0.1013  -0.0036   0.2804   0.3186
   0.0609   0.0042   0.0018   0.0013   1.0000  -0.0163   0.0424  -0.3451   0.0247  -0.0014  -0.0298   0.0037   0.0042
   0.0559   0.0038   0.0016   0.0012  -0.0163   1.0000   0.0389   0.6286  -0.0202  -0.0013  -0.0197   0.0034   0.0038
   0.3199   0.6792   0.6568   0.2137   0.0424   0.0389   1.0000  -0.0851  -0.0063  -0.2238  -0.1159   0.6046   0.6783
  -0.1222  -0.0084  -0.0036  -0.0026  -0.3451   0.6286  -0.0851   1.0000   0.0371   0.0028   0.0297  -0.0075  -0.0084
  -0.0090  -0.0006  -0.0003  -0.0002   0.0247  -0.0202  -0.0063   0.0371   1.0000   0.0002  -0.0088  -0.0006  -0.0006
  -0.0104  -0.3293  -0.3240  -0.1013  -0.0014  -0.0013  -0.2238   0.0028   0.0002   1.0000   0.0038  -0.3059  -0.3314
  -0.1663  -0.0115  -0.0049  -0.0036  -0.0298  -0.0197  -0.1159   0.0297  -0.0088   0.0038   1.0000  -0.0102  -0.0115
   0.0281   0.8896   0.8752   0.2804   0.0037   0.0034   0.6046  -0.0075  -0.0006  -0.3059  -0.0102   1.0000   0.8880
   0.0315   0.9980   0.9818   0.3186   0.0042   0.0038   0.6783  -0.0084  -0.0006  -0.3314  -0.0115   0.8880   1.0000
