
  RooFitResult: minimized FCN value: -1.84219e+06, estimated distance to minimum: 3.10156e-06
                covariance matrix quality: Full, accurate covariance matrix
                Status : MIGRAD=4 HESSE=0 MINOS=0 

    Constant Parameter    Value     
  --------------------  ------------
              peakFail    9.1188e+01

    Floating Parameter  InitialValue    FinalValue (+HiError,-LoError)    GblCorr.
  --------------------  ------------  ----------------------------------  --------
              NbkgFail    5.0186e+03    2.4565e+04         +/-  3.62e+02  <none>
              NbkgPass    5.0000e+01    5.4114e+03         +/-  3.00e+02  <none>
                  Nsig    2.1483e+05    2.3856e+05         +/-  6.56e+02  <none>
                 aPass    0.0000e+00    9.9986e+00         +/-  1.15e+01  <none>
              alfaFail    6.5000e+01    5.8617e+01         +/-  5.21e-01  <none>
              betaFail    5.0000e-02    1.0607e-01         +/-  2.07e-02  <none>
                   eff    8.0000e-01    8.9260e-01 (+1.41e-03,-1.38e-03)  <none>
             gammaFail    1.0000e-01    3.4272e-02         +/-  1.01e-03  <none>
              meanFail    0.0000e+00   -9.9723e-01         +/-  5.90e-02  <none>
              meanPass    0.0000e+00   -6.4879e-01         +/-  1.17e-02  <none>
             sigmaFail    2.0000e+00    9.3513e-01         +/-  1.70e-01  <none>
             sigmaPass    2.0000e+00    1.1918e+00         +/-  2.87e-02  <none>
                 tPass   -1.0000e-06   -5.2476e-02         +/-  2.23e-03  <none>


  Correlation Matrix
 --------------------
   1.0000   0.0003   0.4485   0.0000   0.0244  -0.5411   0.7961   0.5433   0.3216   0.0000  -0.4580  -0.0001   0.0000
   0.0003   1.0000   0.4312  -0.0012   0.0000  -0.0002  -0.0918   0.0002   0.0001   0.1057  -0.0002  -0.2296   0.0043
   0.4485   0.4312   1.0000  -0.0005   0.0135  -0.2987   0.3974   0.3000   0.1776   0.0485  -0.2529  -0.1053   0.0020
   0.0000  -0.0012  -0.0005   1.0000  -0.0000   0.0000   0.0001  -0.0000   0.0000  -0.0002  -0.0000   0.0003   0.0072
   0.0244   0.0000   0.0135  -0.0000   1.0000   0.4907   0.0239   0.0522   0.0216   0.0000   0.0035  -0.0000  -0.0000
  -0.5411  -0.0002  -0.2987   0.0000   0.4907   1.0000  -0.5303  -0.7374  -0.2902  -0.0000   0.3260   0.0000  -0.0000
   0.7961  -0.0918   0.3974   0.0001   0.0239  -0.5303   1.0000   0.5326   0.3153  -0.0103  -0.4490   0.0224  -0.0004
   0.5433   0.0002   0.3000  -0.0000   0.0522  -0.7374   0.5326   1.0000   0.3995   0.0000  -0.3045  -0.0000   0.0000
   0.3216   0.0001   0.1776   0.0000   0.0216  -0.2902   0.3153   0.3995   1.0000   0.0000  -0.3489  -0.0000   0.0000
   0.0000   0.1057   0.0485  -0.0002   0.0000  -0.0000  -0.0103   0.0000   0.0000   1.0000  -0.0000  -0.2906  -0.0848
  -0.4580  -0.0002  -0.2529  -0.0000   0.0035   0.3260  -0.4490  -0.3045  -0.3489  -0.0000   1.0000   0.0000  -0.0000
  -0.0001  -0.2296  -0.1053   0.0003  -0.0000   0.0000   0.0224  -0.0000  -0.0000  -0.2906   0.0000   1.0000  -0.0938
   0.0000   0.0043   0.0020   0.0072  -0.0000  -0.0000  -0.0004   0.0000   0.0000  -0.0848  -0.0000  -0.0938   1.0000
