
  RooFitResult: minimized FCN value: -37489.1, estimated distance to minimum: 4.19616e-05
                covariance matrix quality: Full, accurate covariance matrix
                Status : MIGRAD=4 HESSE=0 MINOS=0 

    Constant Parameter    Value     
  --------------------  ------------
              peakFail    9.1188e+01

    Floating Parameter  InitialValue    FinalValue (+HiError,-LoError)    GblCorr.
  --------------------  ------------  ----------------------------------  --------
              NbkgFail    5.6300e+01    2.5655e+02         +/-  2.12e+01  <none>
              NbkgPass    5.0000e+01    2.2381e+02         +/-  4.68e+01  <none>
                  Nsig    7.3680e+03    8.7297e+03         +/-  1.04e+02  <none>
                 aPass    0.0000e+00    9.9939e+00         +/-  1.05e+01  <none>
              alfaFail    6.0000e+01    8.0000e+01         +/-  1.95e+01  <none>
              betaFail    5.0000e-02    1.8189e-02         +/-  5.03e-03  <none>
                   eff    8.0000e-01    9.6490e-01 (+2.47e-03,-2.54e-03)  <none>
             gammaFail    1.0000e-01    5.0276e-11         +/-  2.80e-03  <none>
              meanFail    0.0000e+00   -6.7133e-02         +/-  2.80e-01  <none>
              meanPass    0.0000e+00    6.3335e-02         +/-  3.95e-02  <none>
             sigmaFail    2.0000e+00    1.0268e+00         +/-  2.45e-01  <none>
             sigmaPass    2.0000e+00    7.3597e-01         +/-  1.10e-01  <none>
                 tPass   -1.0000e-06   -7.6397e-03         +/-  8.32e-03  <none>


  Correlation Matrix
 --------------------
   1.0000  -0.0006  -0.0871   0.0000   0.0166   0.0375   0.4046   0.0165  -0.0037   0.0000   0.1360   0.0001  -0.0002
  -0.0006   1.0000  -0.4009  -0.0040  -0.0000  -0.0001  -0.0678  -0.0000   0.0000  -0.0166  -0.0002  -0.2201   0.3000
  -0.0871  -0.4009   1.0000   0.0018  -0.0034  -0.0075  -0.0518  -0.0033   0.0007   0.0074  -0.0276   0.0983  -0.1337
   0.0000  -0.0040   0.0018   1.0000   0.0000   0.0000   0.0003   0.0000  -0.0000  -0.0002   0.0000   0.0009   0.0221
   0.0166  -0.0000  -0.0034   0.0000   1.0000   0.0857   0.0156  -0.0041   0.0085   0.0000   0.0061   0.0000  -0.0000
   0.0375  -0.0001  -0.0075   0.0000   0.0857   1.0000   0.0352   0.0765  -0.1199   0.0000  -0.0047   0.0000  -0.0000
   0.4046  -0.0678  -0.0518   0.0003   0.0156   0.0352   1.0000   0.0155  -0.0035   0.0013   0.1278   0.0166  -0.0226
   0.0165  -0.0000  -0.0033   0.0000  -0.0041   0.0765   0.0155   1.0000   0.0048   0.0000   0.0056   0.0000  -0.0000
  -0.0037   0.0000   0.0007  -0.0000   0.0085  -0.1199  -0.0035   0.0048   1.0000  -0.0000   0.0583  -0.0000   0.0000
   0.0000  -0.0166   0.0074  -0.0002   0.0000   0.0000   0.0013   0.0000  -0.0000   1.0000   0.0000  -0.0521  -0.0763
   0.1360  -0.0002  -0.0276   0.0000   0.0061  -0.0047   0.1278   0.0056   0.0583   0.0000   1.0000   0.0000  -0.0001
   0.0001  -0.2201   0.0983   0.0009   0.0000   0.0000   0.0166   0.0000  -0.0000  -0.0521   0.0000   1.0000  -0.0065
  -0.0002   0.3000  -0.1337   0.0221  -0.0000  -0.0000  -0.0226  -0.0000   0.0000  -0.0763  -0.0001  -0.0065   1.0000
