
  RooFitResult: minimized FCN value: -24041.8, estimated distance to minimum: 0.0245337
                covariance matrix quality: Full matrix, but forced positive-definite
                Status : MIGRAD=4 HESSE=0 MINOS=0 

    Constant Parameter    Value     
  --------------------  ------------
              peakFail    9.1188e+01

    Floating Parameter  InitialValue    FinalValue (+HiError,-LoError)    GblCorr.
  --------------------  ------------  ----------------------------------  --------
              NbkgFail    3.5650e+02    2.9862e+03         +/-  1.07e+02  <none>
              NbkgPass    5.0000e+01    3.9069e+02         +/-  6.81e+01  <none>
                  Nsig    6.6696e+03    4.9623e+03         +/-  1.31e+02  <none>
                 aPass    0.0000e+00    3.6996e-04         +/-  1.35e-01  <none>
              alfaFail    6.0000e+01    5.1057e+01         +/-  6.28e+00  <none>
              betaFail    5.0000e-02    5.5086e-04         +/-  3.81e-03  <none>
                   eff    8.0000e-01    8.8268e-01 (+1.68e-02,-1.97e-02)  <none>
             gammaFail    1.0000e-01    3.1333e-02         +/-  3.34e-03  <none>
              meanFail    0.0000e+00   -3.4981e+00         +/-  3.56e-05  <none>
              meanPass    0.0000e+00   -7.4068e-01         +/-  1.33e-01  <none>
             sigmaFail    2.0000e+00    8.5021e-05         +/-  1.13e+00  <none>
             sigmaPass    2.0000e+00    1.2918e+00         +/-  2.53e-01  <none>
                 tPass   -1.0000e-06   -6.3645e-02         +/-  1.24e-01  <none>


  Correlation Matrix
 --------------------
   1.0000  -0.0110  -0.5949  -0.0024  -0.0000  -0.0097   0.8266  -0.1221   0.0000  -0.0007   0.0000   0.0037   0.0020
  -0.0110   1.0000  -0.4601   0.1973   0.0000   0.0001  -0.0979   0.0018  -0.0000   0.0610   0.0000  -0.3085  -0.1661
  -0.5949  -0.4601   1.0000  -0.0991   0.0000   0.0078  -0.6196   0.0980   0.0000  -0.0307  -0.0000   0.1549   0.0834
  -0.0024   0.1973  -0.0991   1.0000   0.0000   0.0000  -0.0211   0.0004  -0.0000  -0.0233   0.0000  -0.0858  -0.9970
  -0.0000   0.0000   0.0000   0.0000   1.0000  -0.0007  -0.0000  -0.0000   0.0000   0.0000   0.0000  -0.0000  -0.0000
  -0.0097   0.0001   0.0078   0.0000  -0.0007   1.0000  -0.0108  -0.9219   0.0000   0.0000   0.0000  -0.0000  -0.0000
   0.8266  -0.0979  -0.6196  -0.0211  -0.0000  -0.0108   1.0000  -0.1362  -0.0000  -0.0065   0.0000   0.0330   0.0177
  -0.1221   0.0018   0.0980   0.0004  -0.0000  -0.9219  -0.1362   1.0000  -0.0000   0.0001  -0.0000  -0.0006  -0.0003
   0.0000  -0.0000   0.0000  -0.0000   0.0000   0.0000  -0.0000  -0.0000   1.0000  -0.0000   0.0000   0.0000   0.0000
  -0.0007   0.0610  -0.0307  -0.0233   0.0000   0.0000  -0.0065   0.0001  -0.0000   1.0000   0.0000  -0.0360   0.0102
   0.0000   0.0000  -0.0000   0.0000   0.0000   0.0000   0.0000  -0.0000   0.0000   0.0000   1.0000  -0.0000  -0.0000
   0.0037  -0.3085   0.1549  -0.0858  -0.0000  -0.0000   0.0330  -0.0006   0.0000  -0.0360  -0.0000   1.0000   0.0633
   0.0020  -0.1661   0.0834  -0.9970  -0.0000  -0.0000   0.0177  -0.0003   0.0000   0.0102  -0.0000   0.0633   1.0000
