
  RooFitResult: minimized FCN value: -477498, estimated distance to minimum: 3.57338e-05
                covariance matrix quality: Full, accurate covariance matrix
                Status : MIGRAD=0 HESSE=0 

    Constant Parameter    Value     
  --------------------  ------------
              peakFail    9.1188e+01

    Floating Parameter  InitialValue    FinalValue +/-  Error     GblCorr.
  --------------------  ------------  --------------------------  --------
              NbkgFail    1.9815e+03    1.9786e+03 +/-  7.24e+01  <none>
              NbkgPass    1.5791e+03    1.5793e+03 +/-  1.19e+02  <none>
                  Nsig    7.3989e+04    7.3988e+04 +/-  3.00e+02  <none>
                 aPass    3.2233e+00    9.9852e+00 +/-  2.00e+01  <none>
              alfaFail    8.0000e+01    8.0000e+01 +/-  9.59e-01  <none>
              betaFail    3.1292e-02    3.1318e-02 +/-  5.28e-03  <none>
                   eff    9.6183e-01    9.6184e-01 +/-  1.02e-03  <none>
             gammaFail    3.3297e-08    7.1290e-11 +/-  4.43e-04  <none>
              meanFail   -3.6781e-01   -3.6774e-01 +/-  9.28e-02  <none>
              meanPass   -1.0457e-01   -1.0383e-01 +/-  1.46e-02  <none>
             sigmaFail    8.7300e-01    8.7673e-01 +/-  1.94e-01  <none>
             sigmaPass    7.6291e-01    7.6347e-01 +/-  4.53e-02  <none>
                 tPass   -1.5695e-07   -1.7007e-09 +/-  6.61e-04  <none>


  Correlation Matrix
 --------------------
   1.0000  -0.0001  -0.1502   0.0006   0.1555  -0.0258   0.5712  -0.2011  -0.0363   0.0000  -0.2768   0.0004   0.0000
  -0.0001   1.0000  -0.3520   0.0015  -0.0000   0.0000  -0.0532   0.0000  -0.0000   0.0336   0.0001  -0.1560  -0.0163
  -0.1502  -0.3520   1.0000  -0.0006  -0.0375   0.0062  -0.1168   0.0485   0.0088  -0.0134   0.0666   0.0614   0.0065
   0.0006   0.0015  -0.0006   1.0000   0.0001  -0.0000   0.0006  -0.0002   0.0001   0.0000  -0.0002   0.0026   0.0000
   0.1555  -0.0000  -0.0375   0.0001   1.0000  -0.3523   0.1428  -0.5821   0.0078   0.0000  -0.0657   0.0001   0.0000
  -0.0258   0.0000   0.0062  -0.0000  -0.3523   1.0000  -0.0237   0.8547   0.0077   0.0000  -0.0092  -0.0000   0.0000
   0.5712  -0.0532  -0.1168   0.0006   0.1428  -0.0237   1.0000  -0.1846  -0.0333  -0.0020  -0.2542   0.0096   0.0010
  -0.2011   0.0000   0.0485  -0.0002  -0.5821   0.8547  -0.1846   1.0000   0.0511  -0.0000   0.0618  -0.0001  -0.0000
  -0.0363  -0.0000   0.0088   0.0001   0.0078   0.0077  -0.0333   0.0511   1.0000   0.0000   0.0504   0.0000  -0.0000
   0.0000   0.0336  -0.0134   0.0000   0.0000   0.0000  -0.0020  -0.0000   0.0000   1.0000  -0.0000   0.0458   0.0013
  -0.2768   0.0001   0.0666  -0.0002  -0.0657  -0.0092  -0.2542   0.0618   0.0504  -0.0000   1.0000  -0.0001  -0.0000
   0.0004  -0.1560   0.0614   0.0026   0.0001  -0.0000   0.0096  -0.0001   0.0000   0.0458  -0.0001   1.0000   0.0021
   0.0000  -0.0163   0.0065   0.0000   0.0000   0.0000   0.0010  -0.0000  -0.0000   0.0013  -0.0000   0.0021   1.0000
