
  RooFitResult: minimized FCN value: -665691, estimated distance to minimum: 0.00191954
                covariance matrix quality: Full, accurate covariance matrix
                Status : MIGRAD=4 HESSE=0 

    Constant Parameter    Value     
  --------------------  ------------
              massFail    9.1188e+01
              peakFail    9.1188e+01
             widthFail    2.4952e+00

    Floating Parameter  InitialValue    FinalValue +/-  Error     GblCorr.
  --------------------  ------------  --------------------------  --------
              NbkgFail    2.1623e+03    2.1607e+03 +/-  3.30e+02  <none>
              NbkgPass    4.0768e+02    4.1430e+02 +/-  2.21e+02  <none>
                  Nsig    1.0604e+05    1.0604e+05 +/-  5.06e+02  <none>
                 aPass    2.2038e+00    2.0867e+00 +/-  1.08e-02  <none>
              alfaFail    7.0000e+01    7.0000e+01 +/-  2.36e+01  <none>
             alphaFail    4.4423e-01    4.4416e-01 +/-  4.82e-02  <none>
              betaFail    3.6027e-02    3.5999e-02 +/-  1.17e-02  <none>
                   eff    9.1836e-01    9.1834e-01 +/-  2.97e-03  <none>
             gammaFail    3.4490e-02    3.4451e-02 +/-  6.06e-03  <none>
              meanFail   -4.5499e+00   -4.5508e+00 +/-  2.83e-01  <none>
              meanPass   -4.7337e-01   -4.7313e-01 +/-  2.36e-02  <none>
                 nFail    9.9996e+00    1.0000e+01 +/-  7.77e+00  <none>
             sigmaFail    4.6807e+00    4.6815e+00 +/-  2.21e-01  <none>
             sigmaPass    1.3087e+00    1.3077e+00 +/-  7.43e-02  <none>
                 tPass   -1.0529e-03   -1.8407e-03 +/-  8.09e-02  <none>


  Correlation Matrix
 --------------------
   1.0000  -0.0164  -0.6242   0.0000   0.0056   0.5068   0.3899   0.9477   0.8324  -0.1412  -0.0038  -0.0303  -0.1551   0.0077   0.0154
  -0.0164   1.0000  -0.4223  -0.0000  -0.0001  -0.0084  -0.0067  -0.0733  -0.0140   0.0023   0.2283   0.0005   0.0026  -0.4614  -0.9300
  -0.6242  -0.4223   1.0000   0.0000  -0.0036  -0.3229  -0.2479  -0.5785  -0.5300   0.0901  -0.0971   0.0193   0.0987   0.1965   0.3957
   0.0000  -0.0000   0.0000   1.0000   0.0000   0.0000   0.0000   0.0000   0.0000  -0.0000  -0.0000  -0.0000  -0.0000   0.0000   0.0000
   0.0056  -0.0001  -0.0036   0.0000   1.0000   0.0873   0.0977   0.0054  -0.4076  -0.0514  -0.0000  -0.0072   0.0729   0.0000   0.0001
   0.5068  -0.0084  -0.3229   0.0000   0.0873   1.0000  -0.2857   0.4902   0.4610  -0.8189  -0.0019   0.1343   0.6481   0.0039   0.0079
   0.3899  -0.0067  -0.2479   0.0000   0.0977  -0.2857   1.0000   0.3766   0.3178   0.3510  -0.0015   0.0965  -0.4099   0.0031   0.0062
   0.9477  -0.0733  -0.5785   0.0000   0.0054   0.4902   0.3766   1.0000   0.8048  -0.1367  -0.0169  -0.0293  -0.1499   0.0341   0.0687
   0.8324  -0.0140  -0.5300   0.0000  -0.4076   0.4610   0.3178   0.8048   1.0000  -0.1335  -0.0032  -0.0188  -0.0834   0.0065   0.0131
  -0.1412   0.0023   0.0901  -0.0000  -0.0514  -0.8189   0.3510  -0.1367  -0.1335   1.0000   0.0005  -0.0656  -0.8366  -0.0011  -0.0022
  -0.0038   0.2283  -0.0971  -0.0000  -0.0000  -0.0019  -0.0015  -0.0169  -0.0032   0.0005   1.0000   0.0001   0.0006  -0.3723  -0.2493
  -0.0303   0.0005   0.0193  -0.0000  -0.0072   0.1343   0.0965  -0.0293  -0.0188  -0.0656   0.0001   1.0000   0.0520  -0.0002  -0.0005
  -0.1551   0.0026   0.0987  -0.0000   0.0729   0.6481  -0.4099  -0.1499  -0.0834  -0.8366   0.0006   0.0520   1.0000  -0.0012  -0.0025
   0.0077  -0.4614   0.1965   0.0000   0.0000   0.0039   0.0031   0.0341   0.0065  -0.0011  -0.3723  -0.0002  -0.0012   1.0000   0.4213
   0.0154  -0.9300   0.3957   0.0000   0.0001   0.0079   0.0062   0.0687   0.0131  -0.0022  -0.2493  -0.0005  -0.0025   0.4213   1.0000
