
  RooFitResult: minimized FCN value: -1.3211e+07, estimated distance to minimum: 0.0834468
                covariance matrix quality: Full matrix, but forced positive-definite
                Status : MIGRAD=4 HESSE=0 MINOS=0 

    Constant Parameter    Value     
  --------------------  ------------
              peakFail    9.1188e+01

    Floating Parameter  InitialValue    FinalValue +/-  Error     GblCorr.
  --------------------  ------------  --------------------------  --------
              NbkgFail    1.4492e+04    4.2672e+04 +/-  1.56e+03  <none>
              NbkgPass    5.0000e+01    7.9654e+03 +/-  4.55e+02  <none>
                  Nsig    1.1721e+06    1.4145e+06 +/-  1.96e+03  <none>
                 aPass    0.0000e+00    4.4218e-02 +/-  1.94e-05  <none>
              alfaFail    5.5000e+01    6.0187e+01 +/-  3.67e+00  <none>
              betaFail    5.0000e-02    5.9330e-02 +/-  1.92e-02  <none>
                   eff    8.0000e-01    9.2771e-01 +/-  1.03e-03  <none>
             gammaFail    1.0000e-01    1.3823e-02 +/-  4.95e-03  <none>
              meanFail    0.0000e+00   -5.9294e-01 +/-  2.28e-02  <none>
              meanPass    0.0000e+00   -3.8555e-01 +/-  3.51e-03  <none>
             sigmaFail    2.0000e+00    5.1845e-01 +/-  1.56e-01  <none>
             sigmaPass    2.0000e+00    1.3795e-01 +/-  5.43e-02  <none>
                 tPass   -1.0000e-06   -3.2383e-02 +/-  2.49e-03  <none>


  Correlation Matrix
 --------------------
   1.0000  -0.0169  -0.7583  -0.0000   0.9727  -0.9550   0.9690   0.9736   0.6251  -0.0012  -0.8798   0.0022   0.0012
  -0.0169   1.0000  -0.2093   0.0000  -0.0167   0.0164  -0.0385  -0.0167  -0.0107   0.0691   0.0151  -0.1279  -0.0710
  -0.7583  -0.2093   1.0000  -0.0000  -0.7507   0.7370  -0.7428  -0.7514  -0.4824  -0.0150   0.6790   0.0278   0.0154
  -0.0000   0.0000  -0.0000   1.0000  -0.0000   0.0000  -0.0000  -0.0000  -0.0000   0.0000   0.0000  -0.0000  -0.0002
   0.9727  -0.0167  -0.7507  -0.0000   1.0000  -0.9664   0.9593   0.9942   0.6285  -0.0012  -0.8721   0.0022   0.0012
  -0.9550   0.0164   0.7370   0.0000  -0.9664   1.0000  -0.9418  -0.9817  -0.6009   0.0012   0.8538  -0.0022  -0.0012
   0.9690  -0.0385  -0.7428  -0.0000   0.9593  -0.9418   1.0000   0.9602   0.6165  -0.0028  -0.8677   0.0051   0.0028
   0.9736  -0.0167  -0.7514  -0.0000   0.9942  -0.9817   0.9602   1.0000   0.6329  -0.0012  -0.8715   0.0022   0.0012
   0.6251  -0.0107  -0.4824  -0.0000   0.6285  -0.6009   0.6165   0.6329   1.0000  -0.0008  -0.6192   0.0014   0.0008
  -0.0012   0.0691  -0.0150   0.0000  -0.0012   0.0012  -0.0028  -0.0012  -0.0008   1.0000   0.0011  -0.1382  -0.1117
  -0.8798   0.0151   0.6790   0.0000  -0.8721   0.8538  -0.8677  -0.8715  -0.6192   0.0011   1.0000  -0.0020  -0.0011
   0.0022  -0.1279   0.0278  -0.0000   0.0022  -0.0022   0.0051   0.0022   0.0014  -0.1382  -0.0020   1.0000  -0.0111
   0.0012  -0.0710   0.0154  -0.0002   0.0012  -0.0012   0.0028   0.0012   0.0008  -0.1117  -0.0011  -0.0111   1.0000
