
  RooFitResult: minimized FCN value: -447066, estimated distance to minimum: 0.000144807
                covariance matrix quality: Full matrix, but forced positive-definite
                Status : MIGRAD=0 HESSE=0 

    Constant Parameter    Value     
  --------------------  ------------
              peakFail    9.1188e+01

    Floating Parameter  InitialValue    FinalValue +/-  Error     GblCorr.
  --------------------  ------------  --------------------------  --------
              NbkgFail    3.3680e+04    3.3681e+04 +/-  4.04e+01  <none>
              NbkgPass    2.7455e+03    2.7457e+03 +/-  2.28e+01  <none>
                  Nsig    4.9291e+04    4.9290e+04 +/-  4.78e+01  <none>
                 aPass    9.1813e+00    9.1812e+00 +/-  7.48e-01  <none>
              alfaFail    8.4994e+01    8.4998e+01 +/-  3.15e-01  <none>
              betaFail    8.0972e-05    6.7732e-05 +/-  1.05e-05  <none>
                   eff    7.1744e-01    7.1744e-01 +/-  5.25e-04  <none>
             gammaFail    2.6554e-02    2.6541e-02 +/-  6.91e-05  <none>
              meanFail   -5.7291e-01   -5.7303e-01 +/-  1.36e+01  <none>
              meanPass   -7.3752e-01   -7.3722e-01 +/-  6.08e-03  <none>
             sigmaFail    4.1678e-05    3.7413e-05 +/-  3.85e+00  <none>
             sigmaPass    8.3267e-01    8.3176e-01 +/-  2.26e-02  <none>
                 tPass   -4.8952e-02   -4.8857e-02 +/-  4.33e-04  <none>


  Correlation Matrix
 --------------------
   1.0000  -0.0001  -0.0103   0.0000  -0.0001  -0.0016   0.0193   0.0003   0.0023  -0.0000  -0.0023   0.0000   0.0000
  -0.0001   1.0000  -0.0177   0.0000   0.0000   0.0000  -0.0132  -0.0000   0.0001   0.0003  -0.0001  -0.0075  -0.0003
  -0.0103  -0.0177   1.0000  -0.0000   0.0001   0.0013  -0.0139  -0.0002  -0.0019  -0.0000   0.0019   0.0010   0.0000
   0.0000   0.0000  -0.0000   1.0000  -0.0000  -0.0000  -0.0000  -0.0000   0.0000  -0.0000  -0.0000  -0.0000  -0.0000
  -0.0001   0.0000   0.0001  -0.0000   1.0000   0.0608  -0.0002   0.0025  -0.0001   0.0000   0.0001  -0.0000  -0.0000
  -0.0016   0.0000   0.0013  -0.0000   0.0608   1.0000  -0.0025   0.0411  -0.0009   0.0000   0.0009  -0.0000  -0.0000
   0.0193  -0.0132  -0.0139  -0.0000  -0.0002  -0.0025   1.0000   0.0004   0.0035  -0.0000  -0.0035   0.0007   0.0000
   0.0003  -0.0000  -0.0002  -0.0000   0.0025   0.0411   0.0004   1.0000   0.0000  -0.0000  -0.0000   0.0000   0.0000
   0.0023   0.0001  -0.0019   0.0000  -0.0001  -0.0009   0.0035   0.0000   1.0000   0.0000  -0.9990  -0.0000  -0.0000
  -0.0000   0.0003  -0.0000  -0.0000   0.0000   0.0000  -0.0000  -0.0000   0.0000   1.0000  -0.0000  -0.0100  -0.0045
  -0.0023  -0.0001   0.0019  -0.0000   0.0001   0.0009  -0.0035  -0.0000  -0.9990  -0.0000   1.0000   0.0000   0.0000
   0.0000  -0.0075   0.0010  -0.0000  -0.0000  -0.0000   0.0007   0.0000  -0.0000  -0.0100   0.0000   1.0000  -0.0035
   0.0000  -0.0003   0.0000  -0.0000  -0.0000  -0.0000   0.0000   0.0000  -0.0000  -0.0045   0.0000  -0.0035   1.0000
