
  RooFitResult: minimized FCN value: -2.88328e+06, estimated distance to minimum: 0.00706658
                covariance matrix quality: Full, accurate covariance matrix
                Status : MIGRAD=4 HESSE=0 MINOS=0 

    Constant Parameter    Value     
  --------------------  ------------
              peakFail    9.1188e+01

    Floating Parameter  InitialValue    FinalValue +/-  Error     GblCorr.
  --------------------  ------------  --------------------------  --------
              NbkgFail    6.9900e+03    2.7736e+04 +/-  4.48e+02  <none>
              NbkgPass    5.0000e+01    5.9611e+03 +/-  3.10e+02  <none>
                  Nsig    3.1393e+05    3.5871e+05 +/-  7.87e+02  <none>
                 aPass    0.0000e+00    3.6639e-01 +/-  1.35e-03  <none>
              alfaFail    6.5000e+01    5.9102e+01 +/-  1.38e+00  <none>
              betaFail    5.0000e-02    5.6563e-02 +/-  8.25e-03  <none>
                   eff    8.0000e-01    8.8246e-01 +/-  1.16e-03  <none>
             gammaFail    1.0000e-01    2.0479e-02 +/-  1.78e-03  <none>
              meanFail    0.0000e+00   -8.7136e-01 +/-  3.45e-02  <none>
              meanPass    0.0000e+00   -5.1490e-01 +/-  8.08e-03  <none>
             sigmaFail    2.0000e+00    6.4150e-01 +/-  1.24e-01  <none>
             sigmaPass    2.0000e+00    3.9098e-03 +/-  5.35e-02  <none>
                 tPass   -1.0000e-06   -5.3149e-02 +/-  2.72e-03  <none>


  Correlation Matrix
 --------------------
   1.0000  -0.0036  -0.4865  -0.0000   0.7155  -0.5830   0.8192   0.7370   0.2171  -0.0001  -0.4763   0.0004  -0.0008
  -0.0036   1.0000  -0.3684   0.0000  -0.0030   0.0025  -0.0859  -0.0031  -0.0009   0.0353   0.0020  -0.1086   0.2162
  -0.4865  -0.3684   1.0000  -0.0000  -0.4038   0.3290  -0.4300  -0.4160  -0.1226  -0.0139   0.2690   0.0426  -0.0845
  -0.0000   0.0000  -0.0000   1.0000  -0.0000   0.0000  -0.0000  -0.0000  -0.0000   0.0000   0.0000  -0.0000  -0.0001
   0.7155  -0.0030  -0.4038  -0.0000   1.0000  -0.5551   0.6802   0.8978   0.2518  -0.0001  -0.4113   0.0004  -0.0007
  -0.5830   0.0025   0.3290   0.0000  -0.5551   1.0000  -0.5542  -0.8013  -0.1112   0.0001   0.3054  -0.0003   0.0006
   0.8192  -0.0859  -0.4300  -0.0000   0.6802  -0.5542   1.0000   0.7006   0.2064  -0.0032  -0.4528   0.0099  -0.0197
   0.7370  -0.0031  -0.4160  -0.0000   0.8978  -0.8013   0.7006   1.0000   0.2583  -0.0001  -0.4023   0.0004  -0.0007
   0.2171  -0.0009  -0.1226  -0.0000   0.2518  -0.1112   0.2064   0.2583   1.0000  -0.0000  -0.2354   0.0001  -0.0002
  -0.0001   0.0353  -0.0139   0.0000  -0.0001   0.0001  -0.0032  -0.0001  -0.0000   1.0000   0.0001  -0.1851  -0.0872
  -0.4763   0.0020   0.2690   0.0000  -0.4113   0.3054  -0.4528  -0.4023  -0.2354   0.0001   1.0000  -0.0002   0.0005
   0.0004  -0.1086   0.0426  -0.0000   0.0004  -0.0003   0.0099   0.0004   0.0001  -0.1851  -0.0002   1.0000  -0.0562
  -0.0008   0.2162  -0.0845  -0.0001  -0.0007   0.0006  -0.0197  -0.0007  -0.0002  -0.0872   0.0005  -0.0562   1.0000
