
  RooFitResult: minimized FCN value: -1.03592e+06, estimated distance to minimum: 4.49607e-06
                covariance matrix quality: Full, accurate covariance matrix
                Status : MIGRAD=4 HESSE=0 MINOS=0 

    Constant Parameter    Value     
  --------------------  ------------
              peakFail    9.1188e+01

    Floating Parameter  InitialValue    FinalValue (+HiError,-LoError)    GblCorr.
  --------------------  ------------  ----------------------------------  --------
              NbkgFail    1.8273e+03    4.8590e+03         +/-  1.60e+02  <none>
              NbkgPass    5.0000e+01    1.5551e+03         +/-  1.18e+02  <none>
                  Nsig    1.2393e+05    1.4850e+05         +/-  4.25e+02  <none>
                 aPass    0.0000e+00    1.0000e+01         +/-  1.42e+01  <none>
              alfaFail    6.5000e+01    8.5000e+01         +/-  2.34e+01  <none>
              betaFail    5.0000e-02    2.6742e-02         +/-  4.07e-03  <none>
                   eff    8.0000e-01    9.0967e-01 (+1.15e-03,-1.15e-03)  <none>
             gammaFail    1.0000e-01   -1.7637e-02         +/-  4.62e-03  <none>
              meanFail    0.0000e+00   -7.1424e-01         +/-  5.07e-02  <none>
              meanPass    0.0000e+00   -4.7793e-01         +/-  1.27e-02  <none>
             sigmaFail    2.0000e+00    1.3014e+00         +/-  1.44e-01  <none>
             sigmaPass    2.0000e+00    5.7969e-01         +/-  6.60e-02  <none>
                 tPass   -1.0000e-06   -1.0100e-11         +/-  4.50e-04  <none>


  Correlation Matrix
 --------------------
   1.0000  -0.0021  -0.2995   0.0000  -0.2058   0.6689   0.6862   0.6155  -0.0972  -0.0000  -0.5123   0.0004   0.0003
  -0.0021   1.0000  -0.2452  -0.0105   0.0005  -0.0018  -0.0574  -0.0016   0.0002   0.0145   0.0013  -0.1787  -0.1081
  -0.2995  -0.2452   1.0000   0.0029   0.0762  -0.2475  -0.2387  -0.2277   0.0361  -0.0040   0.1897   0.0492   0.0297
   0.0000  -0.0105   0.0029   1.0000  -0.0000   0.0000   0.0007   0.0000  -0.0000   0.0006  -0.0000   0.0018  -0.0000
  -0.2058   0.0005   0.0762  -0.0000   1.0000  -0.0582  -0.1746  -0.7033   0.0315   0.0000   0.1283  -0.0001  -0.0001
   0.6689  -0.0018  -0.2475   0.0000  -0.0582   1.0000   0.5673   0.6998  -0.0533  -0.0000  -0.4164   0.0004   0.0002
   0.6862  -0.0574  -0.2387   0.0007  -0.1746   0.5673   1.0000   0.5220  -0.0825  -0.0009  -0.4346   0.0115   0.0070
   0.6155  -0.0016  -0.2277   0.0000  -0.7033   0.6998   0.5220   1.0000  -0.0163  -0.0000  -0.3939   0.0003   0.0002
  -0.0972   0.0002   0.0361  -0.0000   0.0315  -0.0533  -0.0825  -0.0163   1.0000   0.0000   0.1415  -0.0000  -0.0000
  -0.0000   0.0145  -0.0040   0.0006   0.0000  -0.0000  -0.0009  -0.0000   0.0000   1.0000   0.0000   0.1108   0.0079
  -0.5123   0.0013   0.1897  -0.0000   0.1283  -0.4164  -0.4346  -0.3939   0.1415   0.0000   1.0000  -0.0003  -0.0002
   0.0004  -0.1787   0.0492   0.0018  -0.0001   0.0004   0.0115   0.0003  -0.0000   0.1108  -0.0003   1.0000   0.0171
   0.0003  -0.1081   0.0297  -0.0000  -0.0001   0.0002   0.0070   0.0002  -0.0000   0.0079  -0.0002   0.0171   1.0000
