
  RooFitResult: minimized FCN value: -4.29061e+06, estimated distance to minimum: 0.00109704
                covariance matrix quality: Full matrix, but forced positive-definite
                Status : MIGRAD=0 HESSE=0 

    Constant Parameter    Value     
  --------------------  ------------
              peakFail    9.1188e+01

    Floating Parameter  InitialValue    FinalValue +/-  Error     GblCorr.
  --------------------  ------------  --------------------------  --------
              NbkgFail    5.0237e+03    5.0236e+03 +/-  7.02e+01  <none>
              NbkgPass    1.3727e+03    1.3729e+03 +/-  1.56e+03  <none>
                  Nsig    5.1511e+05    5.1511e+05 +/-  8.23e+02  <none>
                 aPass    9.7997e+00    9.9860e+00 +/-  1.19e+01  <none>
              alfaFail    7.7588e+01    7.7589e+01 +/-  3.19e-01  <none>
              betaFail    6.1737e-02    6.1735e-02 +/-  1.58e-03  <none>
                   eff    9.4107e-01    9.4107e-01 +/-  2.34e-04  <none>
             gammaFail    1.2107e-02    1.2106e-02 +/-  7.91e-04  <none>
              meanFail   -6.0692e-01   -6.0692e-01 +/-  1.70e-02  <none>
              meanPass   -4.3553e-01   -4.3553e-01 +/-  3.81e-03  <none>
             sigmaFail    6.6199e-01    6.6202e-01 +/-  5.42e-02  <none>
             sigmaPass    9.5998e-01    9.5997e-01 +/-  1.87e-02  <none>
                 tPass   -3.0578e-07   -3.3956e-07 +/-  4.55e-02  <none>


  Correlation Matrix
 --------------------
   1.0000  -0.0041  -0.0181   0.0003   0.0184   0.1422   0.1481   0.1150   0.0090  -0.0001  -0.1409   0.0032   0.0041
  -0.0041   1.0000  -0.8351  -0.0783   0.0002  -0.0016  -0.3576  -0.0010  -0.0001   0.0152   0.0015  -0.7686  -0.9986
  -0.0181  -0.8351   1.0000   0.0655  -0.0012  -0.0065   0.2907  -0.0055  -0.0004  -0.0127   0.0066   0.6422   0.8344
   0.0003  -0.0783   0.0655   1.0000  -0.0000   0.0001   0.0280   0.0001   0.0000  -0.0005  -0.0001   0.0601   0.0782
   0.0184   0.0002  -0.0012  -0.0000   1.0000  -0.2573   0.0069   0.3093  -0.0541  -0.0000   0.0042  -0.0001  -0.0002
   0.1422  -0.0016  -0.0065   0.0001  -0.2573   1.0000   0.0544   0.1347   0.0299  -0.0000  -0.0387   0.0013   0.0016
   0.1481  -0.3576   0.2907   0.0280   0.0069   0.0544   1.0000   0.0439   0.0035  -0.0054  -0.0539   0.2750   0.3573
   0.1150  -0.0010  -0.0055   0.0001   0.3093   0.1347   0.0439   1.0000   0.0546  -0.0000  -0.0358   0.0007   0.0010
   0.0090  -0.0001  -0.0004   0.0000  -0.0541   0.0299   0.0035   0.0546   1.0000  -0.0000  -0.0324   0.0001   0.0001
  -0.0001   0.0152  -0.0127  -0.0005  -0.0000  -0.0000  -0.0054  -0.0000  -0.0000   1.0000   0.0000  -0.0352  -0.0152
  -0.1409   0.0015   0.0066  -0.0001   0.0042  -0.0387  -0.0539  -0.0358  -0.0324   0.0000   1.0000  -0.0012  -0.0015
   0.0032  -0.7686   0.6422   0.0601  -0.0001   0.0013   0.2750   0.0007   0.0001  -0.0352  -0.0012   1.0000   0.7679
   0.0041  -0.9986   0.8344   0.0782  -0.0002   0.0016   0.3573   0.0010   0.0001  -0.0152  -0.0015   0.7679   1.0000
