
  RooFitResult: minimized FCN value: -723426, estimated distance to minimum: 0.00703484
                covariance matrix quality: Full matrix, but forced positive-definite
                Status : MIGRAD=4 HESSE=0 MINOS=0 

    Constant Parameter    Value     
  --------------------  ------------
              peakFail    9.1188e+01

    Floating Parameter  InitialValue    FinalValue +/-  Error     GblCorr.
  --------------------  ------------  --------------------------  --------
              NbkgFail    3.0645e+03    1.6962e+04 +/-  1.22e+02  <none>
              NbkgPass    5.0000e+01    3.4414e+03 +/-  9.89e+01  <none>
                  Nsig    9.7159e+04    1.0105e+05 +/-  2.24e+02  <none>
                 aPass    0.0000e+00    7.2107e-01 +/-  1.60e+00  <none>
              alfaFail    6.0000e+01    7.6181e+01 +/-  2.61e+01  <none>
              betaFail    5.0000e-02    1.4202e-06 +/-  4.86e-03  <none>
                   eff    8.0000e-01    8.6458e-01 +/-  1.04e-03  <none>
             gammaFail    1.0000e-01    4.2291e-02 +/-  3.05e-03  <none>
              meanFail    0.0000e+00   -1.9161e+00 +/-  4.78e-02  <none>
              meanPass    0.0000e+00   -1.3171e+00 +/-  1.07e-02  <none>
             sigmaFail    2.0000e+00    5.2681e-01 +/-  8.39e-02  <none>
             sigmaPass    2.0000e+00    8.3482e-01 +/-  3.58e-02  <none>
                 tPass   -1.0000e-06   -6.2716e-02 +/-  1.98e-03  <none>


  Correlation Matrix
 --------------------
   1.0000  -0.0073  -0.2004  -0.0004   0.5368   0.5377   0.4412   0.5242  -0.2416  -0.0002  -0.0884   0.0009  -0.0019
  -0.0073   1.0000  -0.1624   0.0345  -0.0091  -0.0091  -0.0641  -0.0089   0.0041   0.0176   0.0015  -0.0716   0.1880
  -0.2004  -0.1624   1.0000  -0.0078  -0.2495  -0.2500  -0.1919  -0.2437   0.1123  -0.0040   0.0411   0.0162  -0.0429
  -0.0004   0.0345  -0.0078   1.0000  -0.0006  -0.0006  -0.0032  -0.0006   0.0005  -0.0004   0.0002  -0.0086  -0.0899
   0.5368  -0.0091  -0.2495  -0.0006   1.0000   0.9983   0.5494   0.9901  -0.4684  -0.0002  -0.1165   0.0013  -0.0024
   0.5377  -0.0091  -0.2500  -0.0006   0.9983   1.0000   0.5504   0.9918  -0.4692  -0.0002  -0.1167   0.0013  -0.0024
   0.4412  -0.0641  -0.1919  -0.0032   0.5494   0.5504   1.0000   0.5365  -0.2473  -0.0016  -0.0905   0.0066  -0.0169
   0.5242  -0.0089  -0.2437  -0.0006   0.9901   0.9918   0.5365   1.0000  -0.4584  -0.0002  -0.1134   0.0013  -0.0024
  -0.2416   0.0041   0.1123   0.0005  -0.4684  -0.4692  -0.2473  -0.4584   1.0000   0.0001   0.0133  -0.0007   0.0011
  -0.0002   0.0176  -0.0040  -0.0004  -0.0002  -0.0002  -0.0016  -0.0002   0.0001   1.0000   0.0000  -0.0533  -0.0229
  -0.0884   0.0015   0.0411   0.0002  -0.1165  -0.1167  -0.0905  -0.1134   0.0133   0.0000   1.0000  -0.0002   0.0004
   0.0009  -0.0716   0.0162  -0.0086   0.0013   0.0013   0.0066   0.0013  -0.0007  -0.0533  -0.0002   1.0000  -0.0579
  -0.0019   0.1880  -0.0429  -0.0899  -0.0024  -0.0024  -0.0169  -0.0024   0.0011  -0.0229   0.0004  -0.0579   1.0000
