
  RooFitResult: minimized FCN value: -787340, estimated distance to minimum: 0.272602
                covariance matrix quality: Full matrix, but forced positive-definite
                Status : MIGRAD=4 HESSE=0 MINOS=0 

    Constant Parameter    Value     
  --------------------  ------------
              peakFail    9.1188e+01

    Floating Parameter  InitialValue    FinalValue +/-  Error     GblCorr.
  --------------------  ------------  --------------------------  --------
              NbkgFail    2.5119e+03    1.4280e+04 +/-  1.62e+02  <none>
              NbkgPass    5.0000e+01    4.3382e+03 +/-  1.53e+02  <none>
                  Nsig    1.0418e+05    1.1161e+05 +/-  3.03e+02  <none>
                 aPass    0.0000e+00    8.1681e-01 +/-  1.07e-03  <none>
              alfaFail    6.0000e+01    5.3111e+01 +/-  1.71e+00  <none>
              betaFail    5.0000e-02    9.0712e-02 +/-  1.43e-01  <none>
                   eff    8.0000e-01    9.0289e-01 +/-  1.31e-03  <none>
             gammaFail    1.0000e-01    3.8674e-02 +/-  7.71e-03  <none>
              meanFail    0.0000e+00   -1.7108e+00 +/-  1.24e-01  <none>
              meanPass    0.0000e+00   -9.2462e-01 +/-  1.45e-02  <none>
             sigmaFail    2.0000e+00    4.4455e-01 +/-  1.61e-01  <none>
             sigmaPass    2.0000e+00    1.1783e+00 +/-  4.12e-02  <none>
                 tPass   -1.0000e-06   -5.5620e-02 +/-  1.85e-03  <none>


  Correlation Matrix
 --------------------
   1.0000   0.0180  -0.2865  -0.0000   0.5203  -0.6098   0.6374   0.6071   0.5098  -0.0009  -0.0350   0.0035   0.0037
   0.0180   1.0000   0.2771  -0.0000   0.0152  -0.0179   0.0852   0.0178   0.0149  -0.0394  -0.0010   0.1629   0.1711
  -0.2865   0.2771   1.0000  -0.0000  -0.2426   0.2843  -0.2743  -0.2831  -0.2377  -0.0132   0.0164   0.0545   0.0574
  -0.0000  -0.0000  -0.0000   1.0000  -0.0000   0.0000  -0.0000  -0.0000  -0.0000  -0.0000   0.0000  -0.0000   0.0000
   0.5203   0.0152  -0.2426  -0.0000   1.0000  -0.8994   0.5398   0.8860   0.7375  -0.0007   0.0255   0.0030   0.0032
  -0.6098  -0.0179   0.2843   0.0000  -0.8994   1.0000  -0.6325  -0.9976  -0.8288   0.0008  -0.0208  -0.0035  -0.0037
   0.6374   0.0852  -0.2743  -0.0000   0.5398  -0.6325   1.0000   0.6298   0.5288  -0.0040  -0.0363   0.0167   0.0176
   0.6071   0.0178  -0.2831  -0.0000   0.8860  -0.9976   0.6298   1.0000   0.8312  -0.0008   0.0225   0.0035   0.0037
   0.5098   0.0149  -0.2377  -0.0000   0.7375  -0.8288   0.5288   0.8312   1.0000  -0.0007   0.0062   0.0029   0.0031
  -0.0009  -0.0394  -0.0132  -0.0000  -0.0007   0.0008  -0.0040  -0.0008  -0.0007   1.0000   0.0000  -0.1209   0.0469
  -0.0350  -0.0010   0.0164   0.0000   0.0255  -0.0208  -0.0363   0.0225   0.0062   0.0000   1.0000  -0.0002  -0.0002
   0.0035   0.1629   0.0545  -0.0000   0.0030  -0.0035   0.0167   0.0035   0.0029  -0.1209  -0.0002   1.0000   0.1324
   0.0037   0.1711   0.0574   0.0000   0.0032  -0.0037   0.0176   0.0037   0.0031   0.0469  -0.0002   0.1324   1.0000
