
  RooFitResult: minimized FCN value: -2.88328e+06, estimated distance to minimum: 0.187298
                covariance matrix quality: Full, accurate covariance matrix
                Status : MIGRAD=4 HESSE=0 MINOS=0 

    Constant Parameter    Value     
  --------------------  ------------
              peakFail    9.1188e+01

    Floating Parameter  InitialValue    FinalValue +/-  Error     GblCorr.
  --------------------  ------------  --------------------------  --------
              NbkgFail    6.9900e+03    2.7724e+04 +/-  3.68e+02  <none>
              NbkgPass    5.0000e+01    5.9506e+03 +/-  3.15e+02  <none>
                  Nsig    3.1393e+05    3.5873e+05 +/-  7.45e+02  <none>
                 aPass    0.0000e+00    7.0262e-02 +/-  9.90e-05  <none>
              alfaFail    6.0000e+01    5.9051e+01 +/-  9.75e-01  <none>
              betaFail    5.0000e-02    5.6840e-02 +/-  7.93e-03  <none>
                   eff    8.0000e-01    8.8243e-01 +/-  9.76e-04  <none>
             gammaFail    1.0000e-01    2.0407e-02 +/-  1.32e-03  <none>
              meanFail    0.0000e+00   -8.7118e-01 +/-  3.40e-02  <none>
              meanPass    0.0000e+00   -5.1521e-01 +/-  7.94e-03  <none>
             sigmaFail    2.0000e+00    6.4837e-01 +/-  1.17e-01  <none>
             sigmaPass    2.0000e+00    4.6933e-03 +/-  3.37e+00  <none>
                 tPass   -1.0000e-06   -5.1744e-02 +/-  2.77e-03  <none>


  Correlation Matrix
 --------------------
   1.0000   0.0027  -0.3892  -0.0000  -0.5482   0.3532   0.7385   0.5593   0.1259  -0.0000  -0.3733  -0.0000   0.0009
   0.0027   1.0000   0.3898  -0.0000  -0.0019   0.0013   0.1007   0.0020   0.0004  -0.0055  -0.0012  -0.0002   0.3070
  -0.3892   0.3898   1.0000  -0.0000   0.2683  -0.1728  -0.3208  -0.2738  -0.0616  -0.0022   0.1829  -0.0001   0.1278
  -0.0000  -0.0000  -0.0000   1.0000   0.0000  -0.0000  -0.0000  -0.0000  -0.0000   0.0000   0.0000   0.0000   0.0003
  -0.5482  -0.0019   0.2683   0.0000   1.0000  -0.2517  -0.5093  -0.7467  -0.1705   0.0000   0.2771   0.0000  -0.0006
   0.3532   0.0013  -0.1728  -0.0000  -0.2517   1.0000   0.3282   0.7437  -0.0558  -0.0000  -0.1304  -0.0000   0.0004
   0.7385   0.1007  -0.3208  -0.0000  -0.5093   0.3282   1.0000   0.5197   0.1170  -0.0006  -0.3469  -0.0000   0.0330
   0.5593   0.0020  -0.2738  -0.0000  -0.7467   0.7437   0.5197   1.0000   0.1302  -0.0000  -0.2420  -0.0000   0.0006
   0.1259   0.0004  -0.0616  -0.0000  -0.1705  -0.0558   0.1170   0.1302   1.0000  -0.0000  -0.1847  -0.0000   0.0001
  -0.0000  -0.0055  -0.0022   0.0000   0.0000  -0.0000  -0.0006  -0.0000  -0.0000   1.0000   0.0000   0.0123   0.0939
  -0.3733  -0.0012   0.1829   0.0000   0.2771  -0.1304  -0.3469  -0.2420  -0.1847   0.0000   1.0000   0.0000  -0.0004
  -0.0000  -0.0002  -0.0001   0.0000   0.0000  -0.0000  -0.0000  -0.0000  -0.0000   0.0123   0.0000   1.0000   0.0011
   0.0009   0.3070   0.1278   0.0003  -0.0006   0.0004   0.0330   0.0006   0.0001   0.0939  -0.0004   0.0011   1.0000
