
  RooFitResult: minimized FCN value: -2.65145e+06, estimated distance to minimum: 6.5413e-05
                covariance matrix quality: Full, accurate covariance matrix
                Status : MIGRAD=4 HESSE=0 

    Constant Parameter    Value     
  --------------------  ------------
              peakFail    9.1188e+01

    Floating Parameter  InitialValue    FinalValue +/-  Error     GblCorr.
  --------------------  ------------  --------------------------  --------
              NbkgFail    9.1588e+03    9.1644e+03 +/-  3.94e+02  <none>
              NbkgPass    5.2136e+02    5.3583e+02 +/-  1.65e+02  <none>
                  Nsig    3.4377e+05    3.4373e+05 +/-  7.16e+02  <none>
                 aPass    6.4547e+00    9.7427e+00 +/-  1.24e+01  <none>
              alfaFail    6.6070e+01    6.6102e+01 +/-  1.37e+00  <none>
              betaFail    1.3149e-01    1.3074e-01 +/-  2.87e-02  <none>
                   eff    9.2847e-01    9.2848e-01 +/-  1.12e-03  <none>
             gammaFail    2.9552e-02    2.9639e-02 +/-  3.55e-03  <none>
              meanFail   -7.1784e-01   -7.1733e-01 +/-  5.48e-02  <none>
              meanPass   -6.8039e-01   -6.8044e-01 +/-  9.06e-03  <none>
             sigmaFail    9.6203e-01    9.6933e-01 +/-  1.76e-01  <none>
             sigmaPass    1.1178e+00    1.1179e+00 +/-  2.61e-02  <none>
                 tPass   -5.8734e-08   -7.0619e-10 +/-  5.66e-03  <none>


  Correlation Matrix
 --------------------
   1.0000  -0.0067  -0.5062  -0.0000   0.8908  -0.8632   0.8922   0.8622   0.5887  -0.0001  -0.6926   0.0012  -0.0018
  -0.0067   1.0000  -0.2337   0.0002  -0.0064   0.0062  -0.0383  -0.0062  -0.0042   0.0104   0.0049  -0.1767   0.2613
  -0.5062  -0.2337   1.0000  -0.0001  -0.4791   0.4643  -0.4723  -0.4638  -0.3168  -0.0024   0.3727   0.0420  -0.0617
  -0.0000   0.0002  -0.0001   1.0000  -0.0000   0.0000  -0.0000  -0.0000  -0.0000   0.0001   0.0000  -0.0000  -0.0003
   0.8908  -0.0064  -0.4791  -0.0000   1.0000  -0.9695   0.8447   0.9694   0.6008  -0.0001  -0.6446   0.0011  -0.0017
  -0.8632   0.0062   0.4643   0.0000  -0.9695   1.0000  -0.8185  -0.9361  -0.5828   0.0001   0.6259  -0.0011   0.0016
   0.8922  -0.0383  -0.4723  -0.0000   0.8447  -0.8185   1.0000   0.8176   0.5584  -0.0004  -0.6569   0.0069  -0.0101
   0.8622  -0.0062  -0.4638  -0.0000   0.9694  -0.9361   0.8176   1.0000   0.6326  -0.0001  -0.6178   0.0011  -0.0016
   0.5887  -0.0042  -0.3168  -0.0000   0.6008  -0.5828   0.5584   0.6326   1.0000  -0.0000  -0.5075   0.0008  -0.0011
  -0.0001   0.0104  -0.0024   0.0001  -0.0001   0.0001  -0.0004  -0.0001  -0.0000   1.0000   0.0001  -0.2206   0.0646
  -0.6926   0.0049   0.3727   0.0000  -0.6446   0.6259  -0.6569  -0.6178  -0.5075   0.0001   1.0000  -0.0009   0.0013
   0.0012  -0.1767   0.0420  -0.0000   0.0011  -0.0011   0.0069   0.0011   0.0008  -0.2206  -0.0009   1.0000  -0.0494
  -0.0018   0.2613  -0.0617  -0.0003  -0.0017   0.0016  -0.0101  -0.0016  -0.0011   0.0646   0.0013  -0.0494   1.0000
