
  RooFitResult: minimized FCN value: -23411.5, estimated distance to minimum: 2.77214e-06
                covariance matrix quality: Full, accurate covariance matrix
                Status : MIGRAD=4 HESSE=0 MINOS=0 

    Constant Parameter    Value     
  --------------------  ------------
              massFail    9.1188e+01
              peakFail    9.1188e+01
             widthFail    2.4952e+00

    Floating Parameter  InitialValue    FinalValue (+HiError,-LoError)    GblCorr.
  --------------------  ------------  ----------------------------------  --------
              NbkgFail    4.7800e+01    1.9761e+02         +/-  2.31e+01  <none>
              NbkgPass    5.0000e+01    1.3027e+02         +/-  6.39e+01  <none>
                  Nsig    5.3624e+03    6.3751e+03         +/-  1.04e+02  <none>
                 aPass    0.0000e+00    1.3460e-01         +/-  5.53e-04  <none>
              alfaFail    5.0000e+01    6.5000e+01         +/-  1.57e+00  <none>
             alphaFail    5.0000e+00    6.8945e+00         +/-  1.34e+01  <none>
              betaFail    5.0000e-02    2.9580e-02         +/-  1.23e-02  <none>
                   eff    8.0000e-01    9.5602e-01 (+3.77e-03,-3.86e-03)  <none>
             gammaFail    1.0000e-01    2.7169e-12         +/-  9.79e-04  <none>
              meanFail    0.0000e+00    1.1019e+00         +/-  4.20e-01  <none>
              meanPass    0.0000e+00    1.8826e-01         +/-  6.81e-02  <none>
                 nFail    1.0000e+00    1.7958e+00         +/-  9.02e+00  <none>
             sigmaFail    1.0000e+00    4.2326e+00         +/-  4.98e-01  <none>
             sigmaPass    2.0000e+00    1.2828e+00         +/-  1.76e-01  <none>
                 tPass   -1.0000e-06   -1.6941e-02         +/-  2.10e-02  <none>


  Correlation Matrix
 --------------------
   1.0000   0.0021   0.1432  -0.0000  -0.0108   0.0000   0.2860   0.5777   0.0001  -0.1010  -0.0001   0.0000  -0.4924  -0.0008  -0.0019
   0.0021   1.0000   0.6024  -0.0000  -0.0000  -0.0000   0.0009  -0.1103  -0.0000  -0.0004  -0.0472   0.0000  -0.0017  -0.3614  -0.8666
   0.1432   0.6024   1.0000  -0.0000  -0.0024   0.0000   0.0649   0.0615   0.0000  -0.0230  -0.0293   0.0000  -0.1120  -0.2249  -0.5390
  -0.0000  -0.0000  -0.0000   1.0000   0.0000   0.0000  -0.0000   0.0000   0.0000   0.0000   0.0000   0.0000   0.0000   0.0000   0.0001
  -0.0108  -0.0000  -0.0024   0.0000   1.0000  -0.0000  -0.0250  -0.0099  -0.0005   0.0043   0.0000   0.0000   0.0079   0.0000   0.0000
   0.0000  -0.0000   0.0000   0.0000  -0.0000   1.0000   0.0000   0.0000  -0.0000  -0.0000  -0.0000  -0.0153  -0.0000   0.0000   0.0000
   0.2860   0.0009   0.0649  -0.0000  -0.0250   0.0000   1.0000   0.2621   0.0001   0.0416  -0.0000  -0.0000  -0.1896  -0.0004  -0.0008
   0.5777  -0.1103   0.0615   0.0000  -0.0099   0.0000   0.2621   1.0000   0.0000  -0.0926   0.0054   0.0000  -0.4513   0.0412   0.0987
   0.0001  -0.0000   0.0000   0.0000  -0.0005  -0.0000   0.0001   0.0000   1.0000   0.0050   0.0000   0.0000   0.0007   0.0000   0.0000
  -0.1010  -0.0004  -0.0230   0.0000   0.0043  -0.0000   0.0416  -0.0926   0.0050   1.0000   0.0000  -0.0000   0.1599   0.0001   0.0003
  -0.0001  -0.0472  -0.0293   0.0000   0.0000  -0.0000  -0.0000   0.0054   0.0000   0.0000   1.0000   0.0000   0.0001   0.0556   0.1005
   0.0000   0.0000   0.0000   0.0000   0.0000  -0.0153  -0.0000   0.0000   0.0000  -0.0000   0.0000   1.0000  -0.0000   0.0000  -0.0000
  -0.4924  -0.0017  -0.1120   0.0000   0.0079  -0.0000  -0.1896  -0.4513   0.0007   0.1599   0.0001  -0.0000   1.0000   0.0006   0.0015
  -0.0008  -0.3614  -0.2249   0.0000   0.0000   0.0000  -0.0004   0.0412   0.0000   0.0001   0.0556   0.0000   0.0006   1.0000   0.3004
  -0.0019  -0.8666  -0.5390   0.0001   0.0000   0.0000  -0.0008   0.0987   0.0000   0.0003   0.1005  -0.0000   0.0015   0.3004   1.0000
