
  RooFitResult: minimized FCN value: -3.22346e+06, estimated distance to minimum: 0.0487646
                covariance matrix quality: Full matrix, but forced positive-definite
                Status : MIGRAD=4 HESSE=0 MINOS=0 

    Constant Parameter    Value     
  --------------------  ------------
              peakFail    9.1188e+01

    Floating Parameter  InitialValue    FinalValue +/-  Error     GblCorr.
  --------------------  ------------  --------------------------  --------
              NbkgFail    2.0742e+03    4.8791e+03 +/-  5.09e+02  <none>
              NbkgPass    5.0000e+01    4.2156e+03 +/-  1.99e+02  <none>
                  Nsig    3.2321e+05    3.9493e+05 +/-  8.12e+02  <none>
                 aPass    0.0000e+00    1.0000e+01 +/-  1.39e+01  <none>
              alfaFail    6.5000e+01    8.5000e+01 +/-  6.86e+00  <none>
              betaFail    5.0000e-02    2.9345e-02 +/-  1.20e-02  <none>
                   eff    8.0000e-01    9.5983e-01 +/-  1.25e-03  <none>
             gammaFail    1.0000e-01    5.7010e-14 +/-  5.54e-03  <none>
              meanFail    0.0000e+00   -1.0867e-01 +/-  3.19e-02  <none>
              meanPass    0.0000e+00   -7.7113e-02 +/-  5.32e-03  <none>
             sigmaFail    2.0000e+00    3.3716e-01 +/-  1.43e-01  <none>
             sigmaPass    2.0000e+00    2.4191e-01 +/-  2.62e-02  <none>
                 tPass   -1.0000e-06   -3.0553e-13 +/-  1.83e-04  <none>


  Correlation Matrix
 --------------------
   1.0000  -0.0014  -0.6043   0.0000   0.9308  -0.9578   0.9602  -0.9742  -0.3978  -0.0000  -0.7060   0.0001   0.0000
  -0.0014   1.0000  -0.2116  -0.0098  -0.0013   0.0013  -0.0154   0.0013   0.0005   0.0139   0.0010  -0.0928  -0.0225
  -0.6043  -0.2116   1.0000   0.0023  -0.5730   0.5897  -0.5878   0.5998   0.2449  -0.0033   0.4346   0.0220   0.0053
   0.0000  -0.0098   0.0023   1.0000   0.0000  -0.0000   0.0002  -0.0000  -0.0000   0.0004  -0.0000   0.0009  -0.0000
   0.9308  -0.0013  -0.5730   0.0000   1.0000  -0.9146   0.9105  -0.9487  -0.3680  -0.0000  -0.6703   0.0001   0.0000
  -0.9578   0.0013   0.5897  -0.0000  -0.9146   1.0000  -0.9369   0.9914   0.3924   0.0000   0.6844  -0.0001  -0.0000
   0.9602  -0.0154  -0.5878   0.0002   0.9105  -0.9369   1.0000  -0.9530  -0.3891  -0.0002  -0.6906   0.0016   0.0004
  -0.9742   0.0013   0.5998  -0.0000  -0.9487   0.9914  -0.9530   1.0000   0.4007   0.0000   0.6971  -0.0001  -0.0000
  -0.3978   0.0005   0.2449  -0.0000  -0.3680   0.3924  -0.3891   0.4007   1.0000   0.0000   0.3603  -0.0001  -0.0000
  -0.0000   0.0139  -0.0033   0.0004  -0.0000   0.0000  -0.0002   0.0000   0.0000   1.0000   0.0000   0.1303   0.0013
  -0.7060   0.0010   0.4346  -0.0000  -0.6703   0.6844  -0.6906   0.6971   0.3603   0.0000   1.0000  -0.0001  -0.0000
   0.0001  -0.0928   0.0220   0.0009   0.0001  -0.0001   0.0016  -0.0001  -0.0001   0.1303  -0.0001   1.0000   0.0019
   0.0000  -0.0225   0.0053  -0.0000   0.0000  -0.0000   0.0004  -0.0000  -0.0000   0.0013  -0.0000   0.0019   1.0000
