
  RooFitResult: minimized FCN value: -1.46152e+07, estimated distance to minimum: 0.0789232
                covariance matrix quality: Full matrix, but forced positive-definite
                Status : MIGRAD=4 HESSE=0 

    Constant Parameter    Value     
  --------------------  ------------
              peakFail    9.1188e+01

    Floating Parameter  InitialValue    FinalValue +/-  Error     GblCorr.
  --------------------  ------------  --------------------------  --------
              NbkgFail    8.7545e+03    8.7557e+03 +/-  8.92e+01  <none>
              NbkgPass    4.3539e+03    4.3586e+03 +/-  2.92e+03  <none>
                  Nsig    1.5251e+06    1.5251e+06 +/-  1.42e+03  <none>
                 aPass    1.7479e+00    7.6767e+00 +/-  1.82e+01  <none>
              alfaFail    8.0000e+01    8.0000e+01 +/-  8.20e-02  <none>
              betaFail    3.6350e-02    3.6398e-02 +/-  8.99e-04  <none>
                   eff    9.5654e-01    9.5654e-01 +/-  1.11e-04  <none>
             gammaFail    9.8160e-09    2.3245e-08 +/-  5.83e-06  <none>
              meanFail   -2.1304e-01   -2.1302e-01 +/-  8.26e-03  <none>
              meanPass   -1.3464e-01   -1.3465e-01 +/-  1.60e-03  <none>
             sigmaFail    4.7629e-01    4.7612e-01 +/-  2.35e-02  <none>
             sigmaPass    3.3112e-01    3.3115e-01 +/-  1.04e-02  <none>
                 tPass   -3.3252e-11   -2.3766e-07 +/-  1.33e-02  <none>


  Correlation Matrix
 --------------------
   1.0000  -0.0018  -0.0132  -0.0001   0.0481   0.0549   0.1241  -0.1477  -0.0095  -0.0001  -0.0836   0.0011   0.0018
  -0.0018   1.0000  -0.8482   0.0690  -0.0002  -0.0003  -0.3230   0.0007   0.0000   0.0740   0.0004  -0.5717  -0.9986
  -0.0132  -0.8482   1.0000  -0.0585  -0.0017  -0.0020   0.2691   0.0053   0.0003  -0.0628   0.0030   0.4853   0.8475
  -0.0001   0.0690  -0.0585   1.0000  -0.0000  -0.0000  -0.0223   0.0001   0.0000   0.0049   0.0000  -0.0394  -0.0689
   0.0481  -0.0002  -0.0017  -0.0000   1.0000   0.1526   0.0163  -0.2146   0.0233  -0.0000  -0.0186   0.0001   0.0002
   0.0549  -0.0003  -0.0020  -0.0000   0.1526   1.0000   0.0186   0.3066  -0.0039  -0.0000  -0.0147   0.0002   0.0003
   0.1241  -0.3230   0.2691  -0.0223   0.0163   0.0186   1.0000  -0.0500  -0.0032  -0.0239  -0.0283   0.1848   0.3227
  -0.1477   0.0007   0.0053   0.0001  -0.2146   0.3066  -0.0500   1.0000   0.0280   0.0001   0.0196  -0.0004  -0.0007
  -0.0095   0.0000   0.0003   0.0000   0.0233  -0.0039  -0.0032   0.0280   1.0000   0.0000  -0.0163  -0.0000  -0.0000
  -0.0001   0.0740  -0.0628   0.0049  -0.0000  -0.0000  -0.0239   0.0001   0.0000   1.0000   0.0000  -0.0308  -0.0740
  -0.0836   0.0004   0.0030   0.0000  -0.0186  -0.0147  -0.0283   0.0196  -0.0163   0.0000   1.0000  -0.0002  -0.0004
   0.0011  -0.5717   0.4853  -0.0394   0.0001   0.0002   0.1848  -0.0004  -0.0000  -0.0308  -0.0002   1.0000   0.5712
   0.0018  -0.9986   0.8475  -0.0689   0.0002   0.0003   0.3227  -0.0007  -0.0000  -0.0740  -0.0004   0.5712   1.0000
