
  RooFitResult: minimized FCN value: -2.65144e+06, estimated distance to minimum: 454.684
                covariance matrix quality: Full matrix, but forced positive-definite
                Status : MIGRAD=4 HESSE=0 MINOS=0 

    Constant Parameter    Value     
  --------------------  ------------
              peakFail    9.1188e+01

    Floating Parameter  InitialValue    FinalValue (+HiError,-LoError)    GblCorr.
  --------------------  ------------  ----------------------------------  --------
              NbkgFail    3.3748e+03    9.4876e+03         +/-  1.27e+03  <none>
              NbkgPass    5.0000e+01    5.3017e+02         +/-  1.56e+02  <none>
                  Nsig    2.8275e+05    3.4344e+05         +/-  1.37e+03  <none>
                 aPass    0.0000e+00    3.8673e+00         +/-  1.31e+01  <none>
              alfaFail    6.5000e+01    6.6795e+01         +/-  2.88e+00  <none>
              betaFail    5.0000e-02    1.1946e-01         +/-  4.04e-02  <none>
                   eff    8.0000e-01    9.2937e-01 (+1.67e-03,-3.22e-03)  <none>
             gammaFail    1.0000e-01    3.1313e-02         +/-  6.65e-03  <none>
              meanFail    0.0000e+00   -6.7609e-01         +/-  1.43e-01  <none>
              meanPass    0.0000e+00   -6.7988e-01         +/-  8.98e-03  <none>
             sigmaFail    2.0000e+00    4.6811e-01         +/-  1.17e+00  <none>
             sigmaPass    2.0000e+00    1.1163e+00         +/-  2.58e-02  <none>
                 tPass   -1.0000e-06   -8.4445e-05         +/-  5.14e-03  <none>


  Correlation Matrix
 --------------------
   1.0000   0.0186  -0.8970   0.0000   0.9826   0.9707   0.9891   0.9729   0.9496   0.0001  -0.9856   0.0027  -0.0009
   0.0186   1.0000   0.0835   0.0022   0.0184   0.0182   0.0268   0.0182   0.0178   0.0045  -0.0184   0.1437  -0.0469
  -0.8970   0.0835   1.0000   0.0002  -0.8865  -0.8758  -0.8915  -0.8778  -0.8568   0.0004   0.8893   0.0123  -0.0041
   0.0000   0.0022   0.0002   1.0000   0.0000   0.0000   0.0001   0.0000   0.0000  -0.0033  -0.0000   0.0005   0.0116
   0.9826   0.0184  -0.8865   0.0000   1.0000   0.9900   0.9776   0.9916   0.9415   0.0001  -0.9721   0.0027  -0.0009
   0.9707   0.0182  -0.8758   0.0000   0.9900   1.0000   0.9658   0.9794   0.9296   0.0001  -0.9606   0.0027  -0.0009
   0.9891   0.0268  -0.8915   0.0001   0.9776   0.9658   1.0000   0.9679   0.9447   0.0001  -0.9805   0.0040  -0.0013
   0.9729   0.0182  -0.8778   0.0000   0.9916   0.9794   0.9679   1.0000   0.9418   0.0001  -0.9611   0.0027  -0.0009
   0.9496   0.0178  -0.8568   0.0000   0.9415   0.9296   0.9447   0.9418   1.0000   0.0001  -0.9533   0.0026  -0.0009
   0.0001   0.0045   0.0004  -0.0033   0.0001   0.0001   0.0001   0.0001   0.0001   1.0000  -0.0001  -0.2164   0.0463
  -0.9856  -0.0184   0.8893  -0.0000  -0.9721  -0.9606  -0.9805  -0.9611  -0.9533  -0.0001   1.0000  -0.0027   0.0009
   0.0027   0.1437   0.0123   0.0005   0.0027   0.0027   0.0040   0.0027   0.0026  -0.2164  -0.0027   1.0000  -0.0091
  -0.0009  -0.0469  -0.0041   0.0116  -0.0009  -0.0009  -0.0013  -0.0009  -0.0009   0.0463   0.0009  -0.0091   1.0000
