
  RooFitResult: minimized FCN value: -1.36567e+06, estimated distance to minimum: 0.00172546
                covariance matrix quality: Full matrix, but forced positive-definite
                Status : MIGRAD=0 HESSE=0 

    Constant Parameter    Value     
  --------------------  ------------
              peakFail    9.1188e+01

    Floating Parameter  InitialValue    FinalValue +/-  Error     GblCorr.
  --------------------  ------------  --------------------------  --------
              NbkgFail    3.4137e+03    3.4135e+03 +/-  6.66e+01  <none>
              NbkgPass    1.8379e+03    1.8381e+03 +/-  1.71e+03  <none>
                  Nsig    1.8917e+05    1.8917e+05 +/-  1.17e+03  <none>
                 aPass    3.6800e+00    9.8551e+00 +/-  1.04e+01  <none>
              alfaFail    5.0000e+01    5.0001e+01 +/-  2.81e+01  <none>
              betaFail    1.8994e-01    1.9083e-01 +/-  1.92e-01  <none>
                   eff    9.4454e-01    9.4454e-01 +/-  5.79e-04  <none>
             gammaFail   -3.6933e-02   -3.6934e-02 +/-  1.02e-03  <none>
              meanFail   -5.1993e-01   -5.1994e-01 +/-  4.44e-02  <none>
              meanPass   -3.6174e-01   -3.6174e-01 +/-  9.05e-03  <none>
             sigmaFail    1.3864e+00    1.3869e+00 +/-  1.03e-01  <none>
             sigmaPass    7.7931e-01    7.7944e-01 +/-  7.12e-02  <none>
                 tPass   -1.4486e-11   -5.7833e-08 +/-  1.96e-02  <none>


  Correlation Matrix
 --------------------
   1.0000  -0.0126  -0.0075   0.0001   0.0110  -0.0003   0.2164   0.0705  -0.0422   0.0034  -0.1471   0.0111   0.0126
  -0.0126   1.0000  -0.9565  -0.0073  -0.0003   0.0000  -0.6060  -0.0022   0.0012  -0.2685   0.0043  -0.8768  -0.9983
  -0.0075  -0.9565   1.0000   0.0070  -0.0002   0.0000   0.5704  -0.0012   0.0008   0.2570   0.0027   0.8393   0.9555
   0.0001  -0.0073   0.0070   1.0000   0.0000  -0.0000   0.0044   0.0000  -0.0000   0.0021  -0.0000   0.0064   0.0072
   0.0110  -0.0003  -0.0002   0.0000   1.0000   0.1111   0.0056   0.0390   0.0022   0.0001  -0.0039   0.0003   0.0003
  -0.0003   0.0000   0.0000  -0.0000   0.1111   1.0000  -0.0002  -0.0011  -0.0001  -0.0000   0.0001  -0.0000  -0.0000
   0.2164  -0.6060   0.5704   0.0044   0.0056  -0.0002   1.0000   0.0360  -0.0215   0.1628  -0.0750   0.5317   0.6054
   0.0705  -0.0022  -0.0012   0.0000   0.0390  -0.0011   0.0360   1.0000   0.0964   0.0006  -0.0549   0.0019   0.0022
  -0.0422   0.0012   0.0008  -0.0000   0.0022  -0.0001  -0.0215   0.0964   1.0000  -0.0003   0.0638  -0.0011  -0.0012
   0.0034  -0.2685   0.2570   0.0021   0.0001  -0.0000   0.1628   0.0006  -0.0003   1.0000  -0.0012   0.2578   0.2698
  -0.1471   0.0043   0.0027  -0.0000  -0.0039   0.0001  -0.0750  -0.0549   0.0638  -0.0012   1.0000  -0.0038  -0.0043
   0.0111  -0.8768   0.8393   0.0064   0.0003  -0.0000   0.5317   0.0019  -0.0011   0.2578  -0.0038   1.0000   0.8755
   0.0126  -0.9983   0.9555   0.0072   0.0003  -0.0000   0.6054   0.0022  -0.0012   0.2698  -0.0043   0.8755   1.0000
