
  RooFitResult: minimized FCN value: -4.29061e+06, estimated distance to minimum: 0.0544567
                covariance matrix quality: Full matrix, but forced positive-definite
                Status : MIGRAD=4 HESSE=0 MINOS=0 

    Constant Parameter    Value     
  --------------------  ------------
              peakFail    9.1188e+01

    Floating Parameter  InitialValue    FinalValue +/-  Error     GblCorr.
  --------------------  ------------  --------------------------  --------
              NbkgFail    3.5377e+03    5.0234e+03 +/-  6.98e+01  <none>
              NbkgPass    5.0000e+01    1.3546e+03 +/-  1.55e+03  <none>
                  Nsig    4.1721e+05    5.1513e+05 +/-  8.21e+02  <none>
                 aPass    0.0000e+00    1.4163e-01 +/-  3.34e-01  <none>
              alfaFail    6.5000e+01    7.7585e+01 +/-  3.20e-01  <none>
              betaFail    5.0000e-02    6.1733e-02 +/-  1.58e-03  <none>
                   eff    8.0000e-01    9.4108e-01 +/-  2.34e-04  <none>
             gammaFail    1.0000e-01    1.2098e-02 +/-  7.91e-04  <none>
              meanFail    0.0000e+00   -6.0693e-01 +/-  1.70e-02  <none>
              meanPass    0.0000e+00   -4.3540e-01 +/-  3.81e-03  <none>
             sigmaFail    2.0000e+00    6.6224e-01 +/-  6.91e-02  <none>
             sigmaPass    2.0000e+00    9.6025e-01 +/-  1.85e-02  <none>
                 tPass   -1.0000e-06   -4.5592e-07 +/-  4.58e-02  <none>


  Correlation Matrix
 --------------------
   1.0000  -0.0028  -0.0190  -0.0024   0.0189   0.1400   0.1448   0.1129   0.0067  -0.0000  -0.1006   0.0021   0.0028
  -0.0028   1.0000  -0.8345   0.8495   0.0013  -0.0008  -0.3545   0.0021   0.0001   0.0090   0.0007  -0.7649  -0.9986
  -0.0190  -0.8345   1.0000  -0.7093  -0.0021  -0.0071   0.2879  -0.0080  -0.0005  -0.0075   0.0050   0.6387   0.8338
  -0.0024   0.8495  -0.7093   1.0000   0.0011  -0.0007  -0.3013   0.0018   0.0001   0.0009   0.0006  -0.6489  -0.8480
   0.0189   0.0013  -0.0021   0.0011   1.0000  -0.2581   0.0067   0.3095  -0.0540   0.0000   0.0013  -0.0010  -0.0013
   0.1400  -0.0008  -0.0071  -0.0007  -0.2581   1.0000   0.0532   0.1335   0.0294  -0.0000  -0.0271   0.0006   0.0008
   0.1448  -0.3545   0.2879  -0.3013   0.0067   0.0532   1.0000   0.0419   0.0025  -0.0032  -0.0383   0.2713   0.3542
   0.1129   0.0021  -0.0080   0.0018   0.3095   0.1335   0.0419   1.0000   0.0541   0.0000  -0.0247  -0.0016  -0.0021
   0.0067   0.0001  -0.0005   0.0001  -0.0540   0.0294   0.0025   0.0541   1.0000   0.0000  -0.0227  -0.0001  -0.0001
  -0.0000   0.0090  -0.0075   0.0009   0.0000  -0.0000  -0.0032   0.0000   0.0000   1.0000   0.0000  -0.0305  -0.0090
  -0.1006   0.0007   0.0050   0.0006   0.0013  -0.0271  -0.0383  -0.0247  -0.0227   0.0000   1.0000  -0.0006  -0.0007
   0.0021  -0.7649   0.6387  -0.6489  -0.0010   0.0006   0.2713  -0.0016  -0.0001  -0.0305  -0.0006   1.0000   0.7642
   0.0028  -0.9986   0.8338  -0.8480  -0.0013   0.0008   0.3542  -0.0021  -0.0001  -0.0090  -0.0007   0.7642   1.0000
