
  RooFitResult: minimized FCN value: -1.3211e+07, estimated distance to minimum: 48.362
                covariance matrix quality: Full matrix, but forced positive-definite
                Status : MIGRAD=4 HESSE=0 

    Constant Parameter    Value     
  --------------------  ------------
              peakFail    9.1188e+01

    Floating Parameter  InitialValue    FinalValue +/-  Error     GblCorr.
  --------------------  ------------  --------------------------  --------
              NbkgFail    4.2688e+04    4.2686e+04 +/-  1.66e+02  <none>
              NbkgPass    8.0083e+03    7.9982e+03 +/-  1.00e+03  <none>
                  Nsig    1.4144e+06    1.4144e+06 +/-  7.55e+02  <none>
                 aPass    1.6234e+00    3.4530e-01 +/-  1.48e+01  <none>
              alfaFail    6.0239e+01    6.0231e+01 +/-  2.04e-01  <none>
              betaFail    5.8937e-02    5.8971e-02 +/-  1.84e-03  <none>
                   eff    9.2772e-01    9.2772e-01 +/-  1.39e-04  <none>
             gammaFail    1.3900e-02    1.3889e-02 +/-  2.06e-04  <none>
              meanFail   -5.9324e-01   -5.9324e-01 +/-  9.70e-03  <none>
              meanPass   -3.8563e-01   -3.8564e-01 +/-  3.11e-03  <none>
             sigmaFail    5.2204e-01    5.2227e-01 +/-  4.11e-02  <none>
             sigmaPass    1.3732e-01    1.3918e-01 +/-  3.48e-02  <none>
                 tPass   -3.4631e-02   -3.4299e-02 +/-  2.66e-02  <none>


  Correlation Matrix
 --------------------
   1.0000  -0.0038  -0.0361  -0.0037   0.0540  -0.0119   0.1567   0.0412   0.0072   0.0029  -0.0546   0.0018   0.0037
  -0.0038   1.0000  -0.4524   0.9707  -0.0008   0.0002  -0.1472  -0.0006  -0.0001  -0.7526   0.0008  -0.4706  -0.9695
  -0.0361  -0.4524   1.0000  -0.4422  -0.0074   0.0016   0.0445  -0.0057  -0.0010   0.3428   0.0075   0.2144   0.4416
  -0.0037   0.9707  -0.4422   1.0000  -0.0008   0.0002  -0.1438  -0.0006  -0.0001  -0.7776   0.0008  -0.4777  -0.9986
   0.0540  -0.0008  -0.0074  -0.0008   1.0000   0.1104   0.0322   0.2433  -0.0117   0.0006  -0.0184   0.0004   0.0008
  -0.0119   0.0002   0.0016   0.0002   0.1104   1.0000  -0.0070  -0.2039   0.0462  -0.0001   0.0050  -0.0001  -0.0002
   0.1567  -0.1472   0.0445  -0.1438   0.0322  -0.0070   1.0000   0.0246   0.0043   0.1115  -0.0327   0.0697   0.1437
   0.0412  -0.0006  -0.0057  -0.0006   0.2433  -0.2039   0.0246   1.0000   0.0395   0.0005  -0.0012   0.0003   0.0006
   0.0072  -0.0001  -0.0010  -0.0001  -0.0117   0.0462   0.0043   0.0395   1.0000   0.0001  -0.0513   0.0000   0.0001
   0.0029  -0.7526   0.3428  -0.7776   0.0006  -0.0001   0.1115   0.0005   0.0001   1.0000  -0.0006   0.3505   0.7754
  -0.0546   0.0008   0.0075   0.0008  -0.0184   0.0050  -0.0327  -0.0012  -0.0513  -0.0006   1.0000  -0.0004  -0.0008
   0.0018  -0.4706   0.2144  -0.4777   0.0004  -0.0001   0.0697   0.0003   0.0000   0.3505  -0.0004   1.0000   0.4767
   0.0037  -0.9695   0.4416  -0.9986   0.0008  -0.0002   0.1437   0.0006   0.0001   0.7754  -0.0008   0.4767   1.0000
