
  RooFitResult: minimized FCN value: -3.29043e+06, estimated distance to minimum: 0.000727186
                covariance matrix quality: Full matrix, but forced positive-definite
                Status : MIGRAD=0 HESSE=0 

    Constant Parameter    Value     
  --------------------  ------------
              peakFail    9.1188e+01

    Floating Parameter  InitialValue    FinalValue +/-  Error     GblCorr.
  --------------------  ------------  --------------------------  --------
              NbkgFail    7.1459e+03    7.1451e+03 +/-  8.62e+01  <none>
              NbkgPass    1.1564e+03    1.1577e+03 +/-  1.41e+03  <none>
                  Nsig    4.0797e+05    4.0797e+05 +/-  7.71e+02  <none>
                 aPass    3.1246e+00    8.2528e+00 +/-  1.04e+01  <none>
              alfaFail    7.8259e+01    7.8254e+01 +/-  1.94e-01  <none>
              betaFail    7.8560e-02    7.8566e-02 +/-  1.28e-03  <none>
                   eff    9.0776e-01    9.0775e-01 +/-  3.48e-04  <none>
             gammaFail    2.4502e-02    2.4483e-02 +/-  7.06e-04  <none>
              meanFail   -7.5865e-01   -7.5867e-01 +/-  1.55e-02  <none>
              meanPass   -5.5076e-01   -5.5077e-01 +/-  4.41e-03  <none>
             sigmaFail    6.9127e-01    6.9120e-01 +/-  6.23e-02  <none>
             sigmaPass    9.2108e-01    9.2103e-01 +/-  2.24e-02  <none>
                 tPass   -6.6825e-07   -5.9150e-08 +/-  5.26e-02  <none>


  Correlation Matrix
 --------------------
   1.0000  -0.0049  -0.0256  -0.0005   0.0668   0.1114   0.1570   0.0892   0.0183  -0.0003  -0.1115   0.0039   0.0049
  -0.0049   1.0000  -0.8450   0.1053  -0.0008  -0.0014  -0.4489  -0.0011  -0.0002   0.0561   0.0014  -0.7794  -0.9986
  -0.0256  -0.8450   1.0000  -0.0890  -0.0043  -0.0071   0.3680  -0.0057  -0.0012  -0.0474   0.0071   0.6590   0.8443
  -0.0005   0.1053  -0.0890   1.0000  -0.0001  -0.0001  -0.0473  -0.0001  -0.0000   0.0050   0.0001  -0.0820  -0.1051
   0.0668  -0.0008  -0.0043  -0.0001   1.0000  -0.2682   0.0261   0.3125  -0.0476  -0.0000  -0.0048   0.0006   0.0008
   0.1114  -0.0014  -0.0071  -0.0001  -0.2682   1.0000   0.0436   0.1248   0.0456  -0.0001  -0.0335   0.0011   0.0014
   0.1570  -0.4489   0.3680  -0.0473   0.0261   0.0436   1.0000   0.0349   0.0072  -0.0252  -0.0436   0.3501   0.4485
   0.0892  -0.0011  -0.0057  -0.0001   0.3125   0.1248   0.0349   1.0000   0.0702  -0.0001  -0.0260   0.0008   0.0011
   0.0183  -0.0002  -0.0012  -0.0000  -0.0476   0.0456   0.0072   0.0702   1.0000  -0.0000  -0.0287   0.0002   0.0002
  -0.0003   0.0561  -0.0474   0.0050  -0.0000  -0.0001  -0.0252  -0.0001  -0.0000   1.0000   0.0001  -0.0632  -0.0560
  -0.1115   0.0014   0.0071   0.0001  -0.0048  -0.0335  -0.0436  -0.0260  -0.0287   0.0001   1.0000  -0.0011  -0.0014
   0.0039  -0.7794   0.6590  -0.0820   0.0006   0.0011   0.3501   0.0008   0.0002  -0.0632  -0.0011   1.0000   0.7788
   0.0049  -0.9986   0.8443  -0.1051   0.0008   0.0014   0.4485   0.0011   0.0002  -0.0560  -0.0014   0.7788   1.0000
