
  RooFitResult: minimized FCN value: -518378, estimated distance to minimum: 4.11377e-05
                covariance matrix quality: Full, accurate covariance matrix
                Status : MIGRAD=0 HESSE=0 

    Constant Parameter    Value     
  --------------------  ------------
              massFail    9.1188e+01
              peakFail    9.1188e+01
             widthFail    2.4952e+00

    Floating Parameter  InitialValue    FinalValue +/-  Error     GblCorr.
  --------------------  ------------  --------------------------  --------
              NbkgFail    8.1041e+02    8.1067e+02 +/-  5.22e+01  <none>
              NbkgPass    3.7550e+02    3.7550e+02 +/-  7.73e+01  <none>
                  Nsig    8.1795e+04    8.1795e+04 +/-  2.99e+02  <none>
                 aPass    9.9875e+00    1.0000e+01 +/-  1.46e+01  <none>
              alfaFail    6.5000e+01    6.5000e+01 +/-  1.81e-01  <none>
             alphaFail    5.4583e+00    5.4613e+00 +/-  1.27e+01  <none>
              betaFail    5.0828e-02    5.0869e-02 +/-  1.64e-02  <none>
                   eff    9.4951e-01    9.4952e-01 +/-  9.20e-04  <none>
             gammaFail    1.3921e-11    4.2999e-11 +/-  2.29e-04  <none>
              meanFail   -8.8589e-01   -8.8579e-01 +/-  8.88e-02  <none>
              meanPass   -8.1213e-02   -8.1210e-02 +/-  1.78e-02  <none>
                 nFail    9.9863e+00    1.0000e+01 +/-  9.72e+00  <none>
             sigmaFail    3.8381e+00    3.8378e+00 +/-  9.79e-02  <none>
             sigmaPass    1.3319e+00    1.3319e+00 +/-  4.58e-02  <none>
                 tPass   -5.6396e-09   -1.2428e-08 +/-  2.04e-03  <none>


  Correlation Matrix
 --------------------
   1.0000  -0.0000  -0.1228  -0.0000  -0.0080  -0.0001   0.3279   0.4633   0.0004   0.0563   0.0000  -0.0000  -0.4262  -0.0000   0.0000
  -0.0000   1.0000  -0.2424  -0.0006   0.0000  -0.0000  -0.0000  -0.0486   0.0000  -0.0000   0.0195   0.0000   0.0000  -0.1888  -0.0206
  -0.1228  -0.2424   1.0000   0.0001   0.0014   0.0000  -0.0573  -0.0684  -0.0001  -0.0098  -0.0050  -0.0000   0.0745   0.0489   0.0053
  -0.0000  -0.0006   0.0001   1.0000   0.0000  -0.0001  -0.0000   0.0000  -0.0000  -0.0000   0.0001  -0.0000   0.0000   0.0001  -0.0000
  -0.0080   0.0000   0.0014   0.0000   1.0000   0.0000  -0.0183  -0.0052  -0.0000  -0.0030  -0.0000   0.0000   0.0051   0.0000  -0.0000
  -0.0001  -0.0000   0.0000  -0.0001   0.0000   1.0000  -0.0001  -0.0000  -0.0000  -0.0000   0.0000   0.1647   0.0003  -0.0002   0.0000
   0.3279  -0.0000  -0.0573  -0.0000  -0.0183  -0.0001   1.0000   0.2161  -0.0018   0.2309   0.0000  -0.0000  -0.2276  -0.0000   0.0000
   0.4633  -0.0486  -0.0684   0.0000  -0.0052  -0.0000   0.2161   1.0000   0.0003   0.0371  -0.0010  -0.0000  -0.2809   0.0098   0.0011
   0.0004   0.0000  -0.0001  -0.0000  -0.0000  -0.0000  -0.0018   0.0003   1.0000   0.0012   0.0000  -0.0000  -0.0003  -0.0000   0.0000
   0.0563  -0.0000  -0.0098  -0.0000  -0.0030  -0.0000   0.2309   0.0371   0.0012   1.0000   0.0000  -0.0000  -0.0533  -0.0000   0.0000
   0.0000   0.0195  -0.0050   0.0001  -0.0000   0.0000   0.0000  -0.0010   0.0000   0.0000   1.0000   0.0000  -0.0000  -0.0715   0.0028
  -0.0000   0.0000  -0.0000  -0.0000   0.0000   0.1647  -0.0000  -0.0000  -0.0000  -0.0000   0.0000   1.0000   0.0001  -0.0000   0.0000
  -0.4262   0.0000   0.0745   0.0000   0.0051   0.0003  -0.2276  -0.2809  -0.0003  -0.0533  -0.0000   0.0001   1.0000   0.0000  -0.0000
  -0.0000  -0.1888   0.0489   0.0001   0.0000  -0.0002  -0.0000   0.0098  -0.0000  -0.0000  -0.0715  -0.0000   0.0000   1.0000   0.0025
   0.0000  -0.0206   0.0053  -0.0000  -0.0000   0.0000   0.0000   0.0011   0.0000   0.0000   0.0028   0.0000  -0.0000   0.0025   1.0000
