
  RooFitResult: minimized FCN value: -8.16553e+06, estimated distance to minimum: 0.16536
                covariance matrix quality: Full matrix, but forced positive-definite
                Status : MIGRAD=4 HESSE=0 

    Constant Parameter    Value     
  --------------------  ------------
              peakFail    9.1188e+01

    Floating Parameter  InitialValue    FinalValue +/-  Error     GblCorr.
  --------------------  ------------  --------------------------  --------
              NbkgFail    7.3019e+03    7.2661e+03 +/-  1.02e+02  <none>
              NbkgPass    2.0132e+03    2.0470e+03 +/-  2.18e+03  <none>
                  Nsig    9.0668e+05    9.0666e+05 +/-  1.46e+03  <none>
                 aPass    1.1355e-02    1.6477e-02 +/-  1.02e-05  <none>
              alfaFail    8.1844e+01    8.1630e+01 +/-  3.60e-01  <none>
              betaFail    5.6536e-02    5.6473e-02 +/-  1.23e-03  <none>
                   eff    9.5967e-01    9.5963e-01 +/-  1.82e-04  <none>
             gammaFail    1.8933e-02    1.8213e-02 +/-  8.98e-04  <none>
              meanFail   -3.8528e-01   -3.8522e-01 +/-  1.69e-02  <none>
              meanPass   -3.1458e-01   -3.1465e-01 +/-  3.21e-03  <none>
             sigmaFail    8.7089e-01    8.8276e-01 +/-  5.18e-02  <none>
             sigmaPass    8.3867e-01    8.3848e-01 +/-  1.37e-02  <none>
                 tPass   -1.3352e-05   -3.4817e-05 +/-  2.64e-02  <none>


  Correlation Matrix
 --------------------
   1.0000  -0.0145  -0.0119   0.0000  -0.0386   0.2211   0.2354   0.1638   0.0121   0.0043  -0.1670   0.0105   0.0145
  -0.0145   1.0000  -0.8694  -0.0011   0.0012  -0.0067  -0.3483  -0.0050  -0.0004  -0.2949   0.0050  -0.7230  -0.9984
  -0.0119  -0.8694   1.0000   0.0009   0.0009  -0.0054   0.2912  -0.0040  -0.0003   0.2565   0.0042   0.6288   0.8683
   0.0000  -0.0011   0.0009   1.0000  -0.0000   0.0000   0.0004   0.0000   0.0000   0.0003  -0.0000   0.0008   0.0011
  -0.0386   0.0012   0.0009  -0.0000   1.0000  -0.3929  -0.0188   0.3995  -0.0613  -0.0003   0.0195  -0.0008  -0.0012
   0.2211  -0.0067  -0.0054   0.0000  -0.3929   1.0000   0.1078   0.1956   0.0279   0.0020  -0.0690   0.0048   0.0067
   0.2354  -0.3483   0.2912   0.0004  -0.0188   0.1078   1.0000   0.0798   0.0059   0.1028  -0.0817   0.2519   0.3479
   0.1638  -0.0050  -0.0040   0.0000   0.3995   0.1956   0.0798   1.0000   0.0607   0.0015  -0.0620   0.0036   0.0050
   0.0121  -0.0004  -0.0003   0.0000  -0.0613   0.0279   0.0059   0.0607   1.0000   0.0001  -0.0510   0.0003   0.0004
   0.0043  -0.2949   0.2565   0.0003  -0.0003   0.0020   0.1028   0.0015   0.0001   1.0000  -0.0015   0.1808   0.2959
  -0.1670   0.0050   0.0042  -0.0000   0.0195  -0.0690  -0.0817  -0.0620  -0.0510  -0.0015   1.0000  -0.0036  -0.0050
   0.0105  -0.7230   0.6288   0.0008  -0.0008   0.0048   0.2519   0.0036   0.0003   0.1808  -0.0036   1.0000   0.7218
   0.0145  -0.9984   0.8683   0.0011  -0.0012   0.0067   0.3479   0.0050   0.0004   0.2959  -0.0050   0.7218   1.0000
