
  RooFitResult: minimized FCN value: -182288, estimated distance to minimum: 0.00341021
                covariance matrix quality: Full matrix, but forced positive-definite
                Status : MIGRAD=4 HESSE=0 MINOS=0 

    Constant Parameter    Value     
  --------------------  ------------
              peakFail    9.1188e+01

    Floating Parameter  InitialValue    FinalValue +/-  Error     GblCorr.
  --------------------  ------------  --------------------------  --------
              NbkgFail    2.0316e+03    1.6098e+04 +/-  4.93e+01  <none>
              NbkgPass    5.0000e+01    2.1254e+03 +/-  2.92e+01  <none>
                  Nsig    3.2596e+04    2.2518e+04 +/-  5.87e+01  <none>
                 aPass    0.0000e+00    4.8859e-01 +/-  4.11e-04  <none>
              alfaFail    6.5000e+01    7.5161e+01 +/-  2.82e+01  <none>
              betaFail    5.0000e-02    1.4021e-05 +/-  1.29e-01  <none>
                   eff    8.0000e-01    8.1288e-01 +/-  1.48e-03  <none>
             gammaFail    1.0000e-01    2.6847e-02 +/-  6.72e-04  <none>
              meanFail    0.0000e+00   -2.1615e+00 +/-  7.32e-02  <none>
              meanPass    0.0000e+00   -1.9812e+00 +/-  1.46e-02  <none>
             sigmaFail    2.0000e+00    1.6544e+00 +/-  1.41e-01  <none>
             sigmaPass    2.0000e+00    7.9163e-01 +/-  4.04e-02  <none>
                 tPass   -1.0000e-06   -5.3715e-02 +/-  9.14e-04  <none>


  Correlation Matrix
 --------------------
   1.0000  -0.0017  -0.0424  -0.0000  -0.1361   0.1363   0.1059   0.1297   0.0084  -0.0000   0.0837  -0.0001   0.0003
  -0.0017   1.0000  -0.0502   0.0000   0.0046  -0.0046  -0.0329  -0.0044  -0.0003   0.0041  -0.0028   0.0185  -0.0459
  -0.0424  -0.0502   1.0000  -0.0000   0.1152  -0.1153  -0.0829  -0.1098  -0.0071  -0.0009  -0.0709  -0.0042   0.0103
  -0.0000   0.0000  -0.0000   1.0000   0.0000  -0.0000  -0.0000  -0.0000  -0.0000  -0.0000  -0.0000   0.0000   0.0000
  -0.1361   0.0046   0.1152   0.0000   1.0000  -0.9988  -0.2884  -0.9615  -0.0628   0.0001  -0.5427   0.0004  -0.0009
   0.1363  -0.0046  -0.1153  -0.0000  -0.9988   1.0000   0.2888   0.9626   0.0628  -0.0001   0.5434  -0.0004   0.0009
   0.1059  -0.0329  -0.0829  -0.0000  -0.2884   0.2888   1.0000   0.2749   0.0178  -0.0006   0.1773  -0.0027   0.0067
   0.1297  -0.0044  -0.1098  -0.0000  -0.9615   0.9626   0.2749   1.0000   0.0598  -0.0001   0.5173  -0.0004   0.0009
   0.0084  -0.0003  -0.0071  -0.0000  -0.0628   0.0628   0.0178   0.0598   1.0000  -0.0000   0.0263  -0.0000   0.0001
  -0.0000   0.0041  -0.0009  -0.0000   0.0001  -0.0001  -0.0006  -0.0001  -0.0000   1.0000  -0.0001   0.0082   0.0092
   0.0837  -0.0028  -0.0709  -0.0000  -0.5427   0.5434   0.1773   0.5173   0.0263  -0.0001   1.0000  -0.0002   0.0006
  -0.0001   0.0185  -0.0042   0.0000   0.0004  -0.0004  -0.0027  -0.0004  -0.0000   0.0082  -0.0002   1.0000  -0.0187
   0.0003  -0.0459   0.0103   0.0000  -0.0009   0.0009   0.0067   0.0009   0.0001   0.0092   0.0006  -0.0187   1.0000
