
  RooFitResult: minimized FCN value: -2.22336e+06, estimated distance to minimum: 362936
                covariance matrix quality: Full matrix, but forced positive-definite
                Status : MIGRAD=4 HESSE=0 MINOS=0 

    Constant Parameter    Value     
  --------------------  ------------
              peakFail    9.1188e+01

    Floating Parameter  InitialValue    FinalValue +/-  Error     GblCorr.
  --------------------  ------------  --------------------------  --------
              NbkgFail    4.3723e+03    1.2495e+04 +/-  1.66e+02  <none>
              NbkgPass    5.0000e+01    4.5018e+02 +/-  1.47e+02  <none>
                  Nsig    2.4420e+05    2.9228e+05 +/-  5.16e+02  <none>
                 aPass    0.0000e+00    9.9990e+00 +/-  1.02e+01  <none>
              alfaFail    7.5000e+01    6.6632e+01 +/-  4.99e-01  <none>
              betaFail    5.0000e-02    1.2354e-01 +/-  1.20e-02  <none>
                   eff    8.0000e-01    8.9270e-01 +/-  6.42e-04  <none>
             gammaFail    1.0000e-01    3.8212e-02 +/-  1.11e-03  <none>
              meanFail    0.0000e+00   -1.2569e+00 +/-  2.99e-02  <none>
              meanPass    0.0000e+00   -8.5137e-01 +/-  8.23e-03  <none>
             sigmaFail    2.0000e+00    7.3307e-01 +/-  9.44e-02  <none>
             sigmaPass    2.0000e+00    8.8753e-01 +/-  2.69e-02  <none>
                 tPass   -1.0000e-06   -3.9077e-07 +/-  9.32e-03  <none>


  Correlation Matrix
 --------------------
   1.0000  -0.0027  -0.1699  -0.0000   0.3391   0.3366   0.4391   0.3363   0.1448  -0.0001  -0.2163   0.0004  -0.0009
  -0.0027   1.0000  -0.2401   0.0042  -0.0016  -0.0015  -0.0761  -0.0015  -0.0006   0.0187   0.0010  -0.1318   0.3281
  -0.1699  -0.2401   1.0000  -0.0010  -0.0972  -0.0965  -0.1079  -0.0964  -0.0416  -0.0045   0.0622   0.0322  -0.0797
  -0.0000   0.0042  -0.0010   1.0000  -0.0000  -0.0000  -0.0003  -0.0000  -0.0000   0.0004   0.0000  -0.0005  -0.0094
   0.3391  -0.0016  -0.0972  -0.0000   1.0000   0.9965   0.2515   0.9973   0.1412  -0.0000  -0.1363   0.0002  -0.0005
   0.3366  -0.0015  -0.0965  -0.0000   0.9965   1.0000   0.2496   0.9972   0.1413  -0.0000  -0.1354   0.0002  -0.0005
   0.4391  -0.0761  -0.1079  -0.0003   0.2515   0.2496   1.0000   0.2494   0.1075  -0.0014  -0.1606   0.0102  -0.0253
   0.3363  -0.0015  -0.0964  -0.0000   0.9973   0.9972   0.2494   1.0000   0.1420  -0.0000  -0.1352   0.0002  -0.0005
   0.1448  -0.0006  -0.0416  -0.0000   0.1412   0.1413   0.1075   0.1420   1.0000  -0.0000  -0.1594   0.0001  -0.0002
  -0.0001   0.0187  -0.0045   0.0004  -0.0000  -0.0000  -0.0014  -0.0000  -0.0000   1.0000   0.0000  -0.1407   0.0949
  -0.2163   0.0010   0.0622   0.0000  -0.1363  -0.1354  -0.1606  -0.1352  -0.1594   0.0000   1.0000  -0.0001   0.0003
   0.0004  -0.1318   0.0322  -0.0005   0.0002   0.0002   0.0102   0.0002   0.0001  -0.1407  -0.0001   1.0000  -0.0376
  -0.0009   0.3281  -0.0797  -0.0094  -0.0005  -0.0005  -0.0253  -0.0005  -0.0002   0.0949   0.0003  -0.0376   1.0000
