
  RooFitResult: minimized FCN value: -517760, estimated distance to minimum: 5.69731e-05
                covariance matrix quality: Full, accurate covariance matrix
                Status : MIGRAD=4 HESSE=0 MINOS=0 

    Constant Parameter    Value     
  --------------------  ------------
              massFail    9.1188e+01
              massPass    9.1188e+01
              peakFail    9.1188e+01
             widthFail    2.4952e+00
             widthPass    2.4952e+00

    Floating Parameter  InitialValue    FinalValue (+HiError,-LoError)    GblCorr.
  --------------------  ------------  ----------------------------------  --------
              NbkgFail    4.9400e+02    1.1305e+03         +/-  1.19e+02  <none>
              NbkgPass    5.0000e+01    1.0563e+03         +/-  1.02e+02  <none>
                  Nsig    6.6385e+04    8.0794e+04         +/-  3.22e+02  <none>
                 aPass    0.0000e+00    1.0000e+01         +/-  4.28e+00  <none>
              alfaFail    6.0000e+01    7.5901e+01         +/-  1.13e+00  <none>
             alphaFail    5.0000e+00    6.2069e+00         +/-  1.15e+00  <none>
             alphaPass    5.0000e+00    5.8202e+00         +/-  6.17e+00  <none>
              betaFail    5.0000e-02    2.0000e-01         +/-  3.16e-02  <none>
                   eff    8.0000e-01    9.5285e-01 (+1.40e-03,-1.34e-03)  <none>
             gammaFail    1.0000e-01    1.6713e-02         +/-  7.82e-03  <none>
              meanFail    0.0000e+00   -7.9127e-01         +/-  1.03e-01  <none>
              meanPass    0.0000e+00   -5.5400e-01         +/-  1.81e-02  <none>
                 nFail    1.0000e+00    6.4632e-01         +/-  2.07e+00  <none>
                 nPass    1.0000e+00    2.1616e+00         +/-  3.46e+00  <none>
             sigmaFail    1.0000e+00    3.4792e+00         +/-  1.32e-01  <none>
             sigmaPass    1.0000e+00    3.6860e+00         +/-  1.85e-02  <none>
                 tPass   -1.0000e-06   -1.7764e-15         +/-  9.66e-05  <none>


  Correlation Matrix
 --------------------
   1.0000  -0.0041   0.3455  -0.0000  -0.7813  -0.0000   0.0000   0.2904   0.8384   0.8490   0.4477  -0.0002  -0.0000   0.0000  -0.7433  -0.0011  -0.0001
  -0.0041   1.0000  -0.2897   0.0013   0.0034   0.0000  -0.0000  -0.0013   0.0308  -0.0037  -0.0020   0.0485   0.0000  -0.0000   0.0033   0.2468   0.0158
   0.3455  -0.2897   1.0000  -0.0004  -0.2934  -0.0000   0.0000   0.1090   0.3039   0.3189   0.1682  -0.0156  -0.0000   0.0000  -0.2793  -0.0797  -0.0051
  -0.0000   0.0013  -0.0004   1.0000   0.0000   0.0000   0.0000  -0.0000   0.0000  -0.0000  -0.0000   0.0002   0.0000  -0.0000   0.0000   0.0003   0.0000
  -0.7813   0.0034  -0.2934   0.0000   1.0000   0.0000  -0.0000  -0.4227  -0.7122  -0.8906  -0.3969   0.0002   0.0000  -0.0000   0.6037   0.0009   0.0001
  -0.0000   0.0000  -0.0000   0.0000   0.0000   1.0000   0.0000   0.0000  -0.0000  -0.0000  -0.0000   0.0000   0.0000   0.0000  -0.0000   0.0000   0.0000
   0.0000  -0.0000   0.0000   0.0000  -0.0000   0.0000   1.0000   0.0000  -0.0000   0.0000   0.0000  -0.0000   0.0000  -0.0013  -0.0000  -0.0000  -0.0000
   0.2904  -0.0013   0.1090  -0.0000  -0.4227   0.0000   0.0000   1.0000   0.2646   0.3333   0.1068  -0.0001   0.0000   0.0000  -0.1819  -0.0003  -0.0000
   0.8384   0.0308   0.3039   0.0000  -0.7122  -0.0000  -0.0000   0.2646   1.0000   0.7739   0.4081   0.0017  -0.0000  -0.0000  -0.6778   0.0085   0.0005
   0.8490  -0.0037   0.3189  -0.0000  -0.8906  -0.0000   0.0000   0.3333   0.7739   1.0000   0.5053  -0.0002  -0.0000   0.0000  -0.6799  -0.0010  -0.0001
   0.4477  -0.0020   0.1682  -0.0000  -0.3969  -0.0000   0.0000   0.1068   0.4081   0.5053   1.0000  -0.0001  -0.0000   0.0000  -0.3799  -0.0005  -0.0000
  -0.0002   0.0485  -0.0156   0.0002   0.0002   0.0000  -0.0000  -0.0001   0.0017  -0.0002  -0.0001   1.0000   0.0000  -0.0000   0.0002  -0.0087   0.0024
  -0.0000   0.0000  -0.0000   0.0000   0.0000   0.0000   0.0000   0.0000  -0.0000  -0.0000  -0.0000   0.0000   1.0000   0.0000   0.0000   0.0000   0.0000
   0.0000  -0.0000   0.0000  -0.0000  -0.0000   0.0000  -0.0013   0.0000  -0.0000   0.0000   0.0000  -0.0000   0.0000   1.0000  -0.0000  -0.0000  -0.0000
  -0.7433   0.0033  -0.2793   0.0000   0.6037  -0.0000  -0.0000  -0.1819  -0.6778  -0.6799  -0.3799   0.0002   0.0000  -0.0000   1.0000   0.0009   0.0001
  -0.0011   0.2468  -0.0797   0.0003   0.0009   0.0000  -0.0000  -0.0003   0.0085  -0.0010  -0.0005  -0.0087   0.0000  -0.0000   0.0009   1.0000   0.0039
  -0.0001   0.0158  -0.0051   0.0000   0.0001   0.0000  -0.0000  -0.0000   0.0005  -0.0001  -0.0000   0.0024   0.0000  -0.0000   0.0001   0.0039   1.0000
