
  RooFitResult: minimized FCN value: -955.2, estimated distance to minimum: 0.000368848
                covariance matrix quality: Full, accurate covariance matrix
                Status : MIGRAD=0 HESSE=0 MINOS=0 

    Constant Parameter    Value     
  --------------------  ------------
              massFail    9.1188e+01
              massPass    9.1188e+01
              peakFail    9.1188e+01
             widthFail    2.4952e+00
             widthPass    2.4952e+00

    Floating Parameter  InitialValue    FinalValue (+HiError,-LoError)    GblCorr.
  --------------------  ------------  ----------------------------------  --------
              NbkgFail    4.7000e+00    2.1204e+01         +/-  1.12e+01  <none>
              NbkgPass    5.0000e+01    5.6467e+01         +/-  1.73e+01  <none>
                  Nsig    5.7680e+02    6.4337e+02         +/-  3.16e+01  <none>
                 aPass    0.0000e+00    4.2606e+00         +/-  1.48e+01  <none>
              alfaFail    6.0000e+01    7.9999e+01         +/-  2.99e+01  <none>
             alphaFail    5.0000e+00    4.6722e+00         +/-  1.08e+01  <none>
             alphaPass    5.0000e+00    1.2520e+00         +/-  5.30e-01  <none>
              betaFail    5.0000e-02    5.6357e-02         +/-  4.92e-02  <none>
                   eff    8.0000e-01    9.5989e-01 (+1.36e-02,-1.48e-02)  <none>
             gammaFail    1.0000e-01    1.3422e-02         +/-  4.54e-02  <none>
              meanFail    0.0000e+00    6.9900e-01         +/-  1.31e+00  <none>
              meanPass    0.0000e+00    5.6148e-01         +/-  3.16e-01  <none>
                 nFail    1.0000e+00    1.0107e+00         +/-  5.81e+00  <none>
                 nPass    1.0000e+00    4.7409e+00         +/-  7.36e+00  <none>
             sigmaFail    1.0000e+00    2.9002e+00         +/-  1.74e+00  <none>
             sigmaPass    1.0000e+00    2.9533e+00         +/-  3.05e-01  <none>
                 tPass   -1.0000e-06   -4.4697e-06         +/-  1.11e-02  <none>


  Correlation Matrix
 --------------------
   1.0000   0.0001  -0.3119   0.0000  -0.5075  -0.0076   0.0000   0.7284   0.8268   0.7622   0.5162  -0.0000   0.0061  -0.0001  -0.7595  -0.0000  -0.0001
   0.0001   1.0000   0.4448   0.0182  -0.0001   0.0000   0.2979   0.0001   0.0493   0.0001   0.0001  -0.1049  -0.0000  -0.4758  -0.0001  -0.2252  -0.3547
  -0.3119   0.4448   1.0000   0.0100   0.1873   0.0028   0.1631  -0.2689  -0.2783  -0.2814  -0.1906  -0.0574  -0.0023  -0.2605   0.2804  -0.1233  -0.1942
   0.0000   0.0182   0.0100   1.0000  -0.0000   0.0000   0.0134   0.0000   0.0011   0.0000   0.0000  -0.0061  -0.0000  -0.0197  -0.0000  -0.0065   0.0548
  -0.5075  -0.0001   0.1873  -0.0000   1.0000   0.0053  -0.0000  -0.3544  -0.4966  -0.7769  -0.2848   0.0000  -0.0033   0.0000   0.4420   0.0000   0.0000
  -0.0076   0.0000   0.0028   0.0000   0.0053   1.0000   0.0000  -0.0091  -0.0075  -0.0075  -0.0070  -0.0000  -0.6005  -0.0000   0.0103  -0.0000  -0.0000
   0.0000   0.2979   0.1631   0.0134  -0.0000   0.0000   1.0000   0.0000   0.0181   0.0000   0.0000  -0.7329  -0.0000  -0.8975  -0.0000  -0.6891  -0.2506
   0.7284   0.0001  -0.2689   0.0000  -0.3544  -0.0091   0.0000   1.0000   0.7128   0.7435   0.4932  -0.0000   0.0045  -0.0001  -0.6625  -0.0000  -0.0000
   0.8268   0.0493  -0.2783   0.0011  -0.4966  -0.0075   0.0181   0.7128   1.0000   0.7458   0.5052  -0.0064   0.0060  -0.0289  -0.7432  -0.0137  -0.0215
   0.7622   0.0001  -0.2814   0.0000  -0.7769  -0.0075   0.0000   0.7435   0.7458   1.0000   0.5269  -0.0000   0.0055  -0.0001  -0.6954  -0.0000  -0.0000
   0.5162   0.0001  -0.1906   0.0000  -0.2848  -0.0070   0.0000   0.4932   0.5052   0.5269   1.0000  -0.0000   0.0054  -0.0000  -0.5861  -0.0000  -0.0000
  -0.0000  -0.1049  -0.0574  -0.0061   0.0000  -0.0000  -0.7329  -0.0000  -0.0064  -0.0000  -0.0000   1.0000   0.0000   0.5357   0.0000   0.6592   0.1306
   0.0061  -0.0000  -0.0023  -0.0000  -0.0033  -0.6005  -0.0000   0.0045   0.0060   0.0055   0.0054   0.0000   1.0000   0.0000  -0.0081   0.0000   0.0000
  -0.0001  -0.4758  -0.2605  -0.0197   0.0000  -0.0000  -0.8975  -0.0001  -0.0289  -0.0001  -0.0000   0.5357   0.0000   1.0000   0.0001   0.4777   0.4321
  -0.7595  -0.0001   0.2804  -0.0000   0.4420   0.0103  -0.0000  -0.6625  -0.7432  -0.6954  -0.5861   0.0000  -0.0081   0.0001   1.0000   0.0000   0.0000
  -0.0000  -0.2252  -0.1233  -0.0065   0.0000  -0.0000  -0.6891  -0.0000  -0.0137  -0.0000  -0.0000   0.6592   0.0000   0.4777   0.0000   1.0000   0.0869
  -0.0001  -0.3547  -0.1942   0.0548   0.0000  -0.0000  -0.2506  -0.0000  -0.0215  -0.0000  -0.0000   0.1306   0.0000   0.4321   0.0000   0.0869   1.0000
