
  RooFitResult: minimized FCN value: -1.17333e+07, estimated distance to minimum: 0.032741
                covariance matrix quality: Full, accurate covariance matrix
                Status : MIGRAD=4 HESSE=0 

    Constant Parameter    Value     
  --------------------  ------------
              peakFail    9.1188e+01

    Floating Parameter  InitialValue    FinalValue +/-  Error     GblCorr.
  --------------------  ------------  --------------------------  --------
              NbkgFail    6.0013e+03    5.9953e+03 +/-  1.58e+02  <none>
              NbkgPass    2.2937e+03    2.3309e+03 +/-  3.16e+02  <none>
                  Nsig    1.2466e+06    1.2466e+06 +/-  1.16e+03  <none>
                 aPass    6.5165e-02    1.9792e-01 +/-  1.87e-04  <none>
              alfaFail    7.9989e+01    8.0000e+01 +/-  2.67e+00  <none>
              betaFail    3.4631e-02    3.4533e-02 +/-  3.65e-03  <none>
                   eff    9.5575e-01    9.5574e-01 +/-  2.13e-04  <none>
             gammaFail    1.6071e-07    1.1329e-07 +/-  1.25e-03  <none>
              meanFail   -2.2658e-01   -2.2670e-01 +/-  1.49e-02  <none>
              meanPass   -1.4113e-01   -1.4115e-01 +/-  2.89e-03  <none>
             sigmaFail    5.7027e-01    5.7701e-01 +/-  5.36e-02  <none>
             sigmaPass    3.3945e-01    3.3963e-01 +/-  1.57e-02  <none>
                 tPass   -1.7160e-05   -7.2178e-05 +/-  2.38e-03  <none>


  Correlation Matrix
 --------------------
   1.0000  -0.0049  -0.0936  -0.0000   0.3156   0.5838   0.4345   0.2138   0.0314   0.0003  -0.2779   0.0006   0.0039
  -0.0049   1.0000  -0.2516   0.0000  -0.0020  -0.0037  -0.0558  -0.0014  -0.0002  -0.0524   0.0018  -0.1283  -0.7799
  -0.0936  -0.2516   1.0000  -0.0000  -0.0387  -0.0716  -0.0398  -0.0262  -0.0038   0.0134   0.0342   0.0330   0.2002
  -0.0000   0.0000  -0.0000   1.0000  -0.0000  -0.0000  -0.0000  -0.0000  -0.0000  -0.0000   0.0000  -0.0000   0.0000
   0.3156  -0.0020  -0.0387  -0.0000   1.0000   0.6984   0.1798  -0.5479   0.0685   0.0001  -0.1258   0.0003   0.0016
   0.5838  -0.0037  -0.0716  -0.0000   0.6984   1.0000   0.3329   0.0686   0.0546   0.0002  -0.2214   0.0005   0.0030
   0.4345  -0.0558  -0.0398  -0.0000   0.1798   0.3329   1.0000   0.1219   0.0178   0.0030  -0.1588   0.0073   0.0444
   0.2138  -0.0014  -0.0262  -0.0000  -0.5479   0.0686   0.1219   1.0000   0.0177   0.0001  -0.0830   0.0002   0.0011
   0.0314  -0.0002  -0.0038  -0.0000   0.0685   0.0546   0.0178   0.0177   1.0000   0.0000  -0.0675   0.0000   0.0002
   0.0003  -0.0524   0.0134  -0.0000   0.0001   0.0002   0.0030   0.0001   0.0000   1.0000  -0.0001   0.0080   0.0721
  -0.2779   0.0018   0.0342   0.0000  -0.1258  -0.2214  -0.1588  -0.0830  -0.0675  -0.0001   1.0000  -0.0002  -0.0014
   0.0006  -0.1283   0.0330  -0.0000   0.0003   0.0005   0.0073   0.0002   0.0000   0.0080  -0.0002   1.0000   0.0950
   0.0039  -0.7799   0.2002   0.0000   0.0016   0.0030   0.0444   0.0011   0.0002   0.0721  -0.0014   0.0950   1.0000
