
  RooFitResult: minimized FCN value: -304013, estimated distance to minimum: 1.00544e-05
                covariance matrix quality: Full, accurate covariance matrix
                Status : MIGRAD=4 HESSE=0 MINOS=0 

    Constant Parameter    Value     
  --------------------  ------------
              peakFail    9.1188e+01

    Floating Parameter  InitialValue    FinalValue (+HiError,-LoError)    GblCorr.
  --------------------  ------------  ----------------------------------  --------
              NbkgFail    4.2740e+02    1.8214e+03         +/-  6.78e+01  <none>
              NbkgPass    5.0000e+01    1.1940e+03         +/-  9.44e+01  <none>
                  Nsig    4.2776e+04    5.0454e+04         +/-  2.47e+02  <none>
                 aPass    0.0000e+00    1.0000e+01         +/-  1.71e+01  <none>
              alfaFail    6.0000e+01    8.0000e+01         +/-  1.74e-01  <none>
              betaFail    5.0000e-02    3.7222e-02         +/-  2.76e-03  <none>
                   eff    8.0000e-01    9.5139e-01 (+1.38e-03,-1.39e-03)  <none>
             gammaFail    1.0000e-01    2.1548e-12         +/-  1.78e-04  <none>
              meanFail    0.0000e+00    8.4813e-02         +/-  1.18e-01  <none>
              meanPass    0.0000e+00   -1.8822e-01         +/-  2.05e-02  <none>
             sigmaFail    2.0000e+00    8.6987e-01         +/-  1.92e-01  <none>
             sigmaPass    2.0000e+00    3.1424e-01         +/-  1.60e-01  <none>
                 tPass   -1.0000e-06   -2.3853e-08         +/-  4.16e-03  <none>


  Correlation Matrix
 --------------------
   1.0000  -0.0003  -0.1655   0.0000  -0.0008   0.2952   0.5594   0.0062  -0.0826  -0.0000  -0.2186  -0.0001   0.0000
  -0.0003   1.0000  -0.3305  -0.0078  -0.0000  -0.0002  -0.0571  -0.0000   0.0000   0.0009   0.0001   0.2062  -0.1272
  -0.1655  -0.3305   1.0000   0.0030   0.0002  -0.0809  -0.1316  -0.0017   0.0226  -0.0004   0.0599  -0.0787   0.0485
   0.0000  -0.0078   0.0030   1.0000   0.0000   0.0000   0.0005   0.0000  -0.0000   0.0008  -0.0000  -0.0014  -0.0009
  -0.0008  -0.0000   0.0002   0.0000   1.0000   0.0190  -0.0007  -0.0014   0.0060   0.0000   0.0005  -0.0000   0.0000
   0.2952  -0.0002  -0.0809   0.0000   0.0190   1.0000   0.2735   0.0252  -0.0457  -0.0000  -0.0721  -0.0000   0.0000
   0.5594  -0.0571  -0.1316   0.0005  -0.0007   0.2735   1.0000   0.0058  -0.0765  -0.0001  -0.2024  -0.0136   0.0084
   0.0062  -0.0000  -0.0017   0.0000  -0.0014   0.0252   0.0058   1.0000   0.0040  -0.0000  -0.0016  -0.0000   0.0000
  -0.0826   0.0000   0.0226  -0.0000   0.0060  -0.0457  -0.0765   0.0040   1.0000   0.0000   0.1910   0.0000  -0.0000
  -0.0000   0.0009  -0.0004   0.0008   0.0000  -0.0000  -0.0001  -0.0000   0.0000   1.0000   0.0000  -0.2104   0.0163
  -0.2186   0.0001   0.0599  -0.0000   0.0005  -0.0721  -0.2024  -0.0016   0.1910   0.0000   1.0000   0.0000  -0.0000
  -0.0001   0.2062  -0.0787  -0.0014  -0.0000  -0.0000  -0.0136  -0.0000   0.0000  -0.2104   0.0000   1.0000  -0.0201
   0.0000  -0.1272   0.0485  -0.0009   0.0000   0.0000   0.0084   0.0000  -0.0000   0.0163  -0.0000  -0.0201   1.0000
