
  RooFitResult: minimized FCN value: -201388, estimated distance to minimum: 4.74108e-07
                covariance matrix quality: Full, accurate covariance matrix
                Status : MIGRAD=4 HESSE=0 MINOS=0 

    Constant Parameter    Value     
  --------------------  ------------
              peakFail    9.1188e+01

    Floating Parameter  InitialValue    FinalValue (+HiError,-LoError)    GblCorr.
  --------------------  ------------  ----------------------------------  --------
              NbkgFail    4.9520e+02    2.1020e+03         +/-  7.80e+01  <none>
              NbkgPass    5.0000e+01    7.2532e+02         +/-  7.48e+01  <none>
                  Nsig    3.0818e+04    3.5696e+04         +/-  2.11e+02  <none>
                 aPass    0.0000e+00    9.9996e+00         +/-  1.41e+01  <none>
              alfaFail    6.0000e+01    8.0000e+01         +/-  7.91e-02  <none>
              betaFail    5.0000e-02    5.0336e-02         +/-  3.31e-03  <none>
                   eff    8.0000e-01    9.2016e-01 (+2.17e-03,-2.18e-03)  <none>
             gammaFail    1.0000e-01    5.9230e-14         +/-  1.17e-04  <none>
              meanFail    0.0000e+00   -2.5330e-01         +/-  1.09e-01  <none>
              meanPass    0.0000e+00   -2.6437e-01         +/-  2.47e-02  <none>
             sigmaFail    2.0000e+00    8.7973e-01         +/-  2.17e-01  <none>
             sigmaPass    2.0000e+00    6.1817e-01         +/-  1.00e-01  <none>
                 tPass   -1.0000e-06   -1.4200e-10         +/-  1.36e-03  <none>


  Correlation Matrix
 --------------------
   1.0000  -0.0004  -0.2416   0.0000  -0.0023   0.3409   0.6058   0.0032  -0.0271  -0.0000  -0.2514   0.0001   0.0000
  -0.0004   1.0000  -0.3081  -0.0039   0.0000  -0.0002  -0.0673  -0.0000   0.0000   0.0281   0.0001  -0.1755  -0.0878
  -0.2416  -0.3081   1.0000   0.0014   0.0009  -0.1257  -0.1998  -0.0012   0.0100  -0.0099   0.0928   0.0621   0.0311
   0.0000  -0.0039   0.0014   1.0000  -0.0000   0.0000   0.0003   0.0000  -0.0000   0.0002  -0.0000   0.0007  -0.0001
  -0.0023   0.0000   0.0009  -0.0000   1.0000   0.0092  -0.0022  -0.0004   0.0052   0.0000  -0.0002  -0.0000  -0.0000
   0.3409  -0.0002  -0.1257   0.0000   0.0092   1.0000   0.3154   0.0120   0.0007  -0.0000  -0.1206   0.0000   0.0000
   0.6058  -0.0673  -0.1998   0.0003  -0.0022   0.3154   1.0000   0.0030  -0.0251  -0.0022  -0.2326   0.0136   0.0068
   0.0032  -0.0000  -0.0012   0.0000  -0.0004   0.0120   0.0030   1.0000   0.0042  -0.0000  -0.0020   0.0000   0.0000
  -0.0271   0.0000   0.0100  -0.0000   0.0052   0.0007  -0.0251   0.0042   1.0000   0.0000  -0.0255  -0.0000  -0.0000
  -0.0000   0.0281  -0.0099   0.0002   0.0000  -0.0000  -0.0022  -0.0000   0.0000   1.0000   0.0000   0.0890   0.0058
  -0.2514   0.0001   0.0928  -0.0000  -0.0002  -0.1206  -0.2326  -0.0020  -0.0255   0.0000   1.0000  -0.0000  -0.0000
   0.0001  -0.1755   0.0621   0.0007  -0.0000   0.0000   0.0136   0.0000  -0.0000   0.0890  -0.0000   1.0000   0.0133
   0.0000  -0.0878   0.0311  -0.0001  -0.0000   0.0000   0.0068   0.0000  -0.0000   0.0058  -0.0000   0.0133   1.0000
