
  RooFitResult: minimized FCN value: -7282.09, estimated distance to minimum: 4.8125e-05
                covariance matrix quality: Full, accurate covariance matrix
                Status : MIGRAD=0 HESSE=0 MINOS=0 

    Constant Parameter    Value     
  --------------------  ------------
              peakFail    9.1188e+01

    Floating Parameter  InitialValue    FinalValue (+HiError,-LoError)    GblCorr.
  --------------------  ------------  ----------------------------------  --------
              NbkgFail    3.4500e+01    1.3695e+02         +/-  2.02e+01  <none>
              NbkgPass    5.0000e+01    9.8421e+01         +/-  3.84e+01  <none>
                  Nsig    2.2264e+03    2.5476e+03         +/-  6.48e+01  <none>
                 aPass    0.0000e+00    6.1832e+00         +/-  1.69e+01  <none>
              alfaFail    6.0000e+01    5.0007e+01         +/-  2.04e+01  <none>
              betaFail    5.0000e-02    1.9990e-01         +/-  1.27e-01  <none>
                   eff    8.0000e-01    9.1833e-01 (+8.01e-03,-8.28e-03)  <none>
             gammaFail    1.0000e-01   -3.5796e-02         +/-  7.25e-03  <none>
              meanFail    0.0000e+00    2.2425e-01         +/-  4.25e-01  <none>
              meanPass    0.0000e+00    1.4614e-01         +/-  9.19e-02  <none>
             sigmaFail    2.0000e+00    2.1661e+00         +/-  8.94e-01  <none>
             sigmaPass    2.0000e+00    1.1596e+00         +/-  1.77e-01  <none>
                 tPass   -1.0000e-06   -2.9642e-08         +/-  8.79e-03  <none>


  Correlation Matrix
 --------------------
   1.0000  -0.0000  -0.2087   0.0000  -0.0074   0.0038   0.5982   0.4060   0.0412   0.0000  -0.5777   0.0000   0.0000
  -0.0000   1.0000  -0.5540  -0.0172   0.0000  -0.0000  -0.1412  -0.0000  -0.0000  -0.1131   0.0000  -0.3168  -0.7716
  -0.2087  -0.5540   1.0000   0.0102   0.0023  -0.0012  -0.1033  -0.1270  -0.0129   0.0671   0.1807   0.1880   0.4578
   0.0000  -0.0172   0.0102   1.0000  -0.0000   0.0000   0.0026   0.0000  -0.0000   0.0015  -0.0000   0.0057   0.0316
  -0.0074   0.0000   0.0023  -0.0000   1.0000  -0.7417  -0.0066  -0.0021   0.0103  -0.0000   0.0007  -0.0000  -0.0000
   0.0038  -0.0000  -0.0012   0.0000  -0.7417   1.0000   0.0034   0.0024  -0.0039   0.0000  -0.0010   0.0000   0.0000
   0.5982  -0.1412  -0.1033   0.0026  -0.0066   0.0034   1.0000   0.3640   0.0370   0.0171  -0.5180   0.0479   0.1167
   0.4060  -0.0000  -0.1270   0.0000  -0.0021   0.0024   0.3640   1.0000   0.0932   0.0000  -0.4218   0.0000   0.0000
   0.0412  -0.0000  -0.0129  -0.0000   0.0103  -0.0039   0.0370   0.0932   1.0000   0.0000  -0.0972   0.0000   0.0000
   0.0000  -0.1131   0.0671   0.0015  -0.0000   0.0000   0.0171   0.0000   0.0000   1.0000  -0.0000   0.0475   0.1595
  -0.5777   0.0000   0.1807  -0.0000   0.0007  -0.0010  -0.5180  -0.4218  -0.0972  -0.0000   1.0000  -0.0000  -0.0000
   0.0000  -0.3168   0.1880   0.0057  -0.0000   0.0000   0.0479   0.0000   0.0000   0.0475  -0.0000   1.0000   0.2636
   0.0000  -0.7716   0.4578   0.0316  -0.0000   0.0000   0.1167   0.0000   0.0000   0.1595  -0.0000   0.2636   1.0000
