
  RooFitResult: minimized FCN value: -24041.8, estimated distance to minimum: 7.57116e-05
                covariance matrix quality: Full, accurate covariance matrix
                Status : MIGRAD=4 HESSE=0 MINOS=0 

    Constant Parameter    Value     
  --------------------  ------------
              peakFail    9.1188e+01

    Floating Parameter  InitialValue    FinalValue +/-  Error     GblCorr.
  --------------------  ------------  --------------------------  --------
              NbkgFail    3.5650e+02    2.9709e+03 +/-  1.62e+02  <none>
              NbkgPass    5.0000e+01    3.9887e+02 +/-  7.06e+01  <none>
                  Nsig    6.6696e+03    4.9673e+03 +/-  1.81e+02  <none>
                 aPass    0.0000e+00    1.3493e+00 +/-  2.38e-02  <none>
              alfaFail    6.5000e+01    8.2946e+01 +/-  3.28e+01  <none>
              betaFail    5.0000e-02    3.7688e-05 +/-  1.52e-01  <none>
                   eff    8.0000e-01    8.8038e-01 +/-  2.75e-02  <none>
             gammaFail    1.0000e-01    3.0724e-02 +/-  5.26e-03  <none>
              meanFail    0.0000e+00   -3.5008e+00 +/-  2.64e-03  <none>
              meanPass    0.0000e+00   -7.3741e-01 +/-  1.35e-01  <none>
             sigmaFail    2.0000e+00    1.0020e-03 +/-  3.02e-01  <none>
             sigmaPass    2.0000e+00    1.2988e+00 +/-  2.57e-01  <none>
                 tPass   -1.0000e-06   -7.5320e-02 +/-  9.97e-03  <none>


  Correlation Matrix
 --------------------
   1.0000   0.0001  -0.7935   0.0000  -0.0035  -0.0019   0.9270   0.1053   0.7010   0.0000  -0.3351  -0.0001   0.0001
   0.0001   1.0000  -0.3584   0.0000   0.0002   0.0002  -0.0568   0.0002   0.0001   0.0655  -0.0000  -0.3188   0.4381
  -0.7935  -0.3584   1.0000  -0.0000   0.0031   0.0017  -0.8069  -0.0942  -0.6270  -0.0255   0.2997   0.1242  -0.1706
   0.0000   0.0000  -0.0000   1.0000  -0.0000  -0.0000  -0.0000  -0.0000   0.0000   0.0000   0.0000  -0.0000  -0.0000
  -0.0035   0.0002   0.0031  -0.0000   1.0000   0.0341  -0.0037   0.0477  -0.0052  -0.0001   0.0114  -0.0003   0.0006
  -0.0019   0.0002   0.0017  -0.0000   0.0341   1.0000  -0.0020   0.9656  -0.0037  -0.0000   0.0078  -0.0004   0.0006
   0.9270  -0.0568  -0.8069  -0.0000  -0.0037  -0.0020   1.0000   0.1100   0.7324  -0.0040  -0.3501   0.0196  -0.0270
   0.1053   0.0002  -0.0942  -0.0000   0.0477   0.9656   0.1100   1.0000   0.0511  -0.0000  -0.0184  -0.0004   0.0006
   0.7010   0.0001  -0.6270   0.0000  -0.0052  -0.0037   0.7324   0.0511   1.0000   0.0000  -0.4780  -0.0001   0.0000
   0.0000   0.0655  -0.0255   0.0000  -0.0001  -0.0000  -0.0040  -0.0000   0.0000   1.0000  -0.0000  -0.0384  -0.1709
  -0.3351  -0.0000   0.2997   0.0000   0.0114   0.0078  -0.3501  -0.0184  -0.4780  -0.0000   1.0000   0.0002  -0.0000
  -0.0001  -0.3188   0.1242  -0.0000  -0.0003  -0.0004   0.0196  -0.0004  -0.0001  -0.0384   0.0002   1.0000  -0.3058
   0.0001   0.4381  -0.1706  -0.0000   0.0006   0.0006  -0.0270   0.0006   0.0000  -0.1709  -0.0000  -0.3058   1.0000
