
  RooFitResult: minimized FCN value: -2.17605e+06, estimated distance to minimum: 0.0178583
                covariance matrix quality: Full matrix, but forced positive-definite
                Status : MIGRAD=4 HESSE=0 MINOS=0 

    Constant Parameter    Value     
  --------------------  ------------
              peakFail    9.1188e+01

    Floating Parameter  InitialValue    FinalValue +/-  Error     GblCorr.
  --------------------  ------------  --------------------------  --------
              NbkgFail    1.5558e+03    4.8532e+03 +/-  8.17e+01  <none>
              NbkgPass    5.0000e+01    3.5749e+03 +/-  2.43e+03  <none>
                  Nsig    2.3156e+05    2.8103e+05 +/-  1.70e+03  <none>
                 aPass    0.0000e+00    3.7488e+00 +/-  7.27e+00  <none>
              alfaFail    6.0000e+01    8.0000e+01 +/-  8.36e-02  <none>
              betaFail    5.0000e-02    3.7233e-02 +/-  1.58e-03  <none>
                   eff    8.0000e-01    9.6191e-01 +/-  4.20e-04  <none>
             gammaFail    1.0000e-01    1.7680e-13 +/-  2.99e-05  <none>
              meanFail    0.0000e+00   -3.3005e-01 +/-  3.79e-02  <none>
              meanPass    0.0000e+00   -1.9042e-01 +/-  6.31e-03  <none>
             sigmaFail    2.0000e+00    9.6283e-01 +/-  8.15e-02  <none>
             sigmaPass    2.0000e+00    7.8884e-01 +/-  3.69e-02  <none>
                 tPass   -1.0000e-06   -2.8223e-11 +/-  1.06e-02  <none>


  Correlation Matrix
 --------------------
   1.0000  -0.0211  -0.0026   0.0005  -0.0083  -0.1386  -0.2779   0.0423   0.0280  -0.0040   0.1212  -0.0178  -0.0211
  -0.0211   1.0000   0.9680  -0.0255   0.0004   0.0065   0.5826  -0.0020  -0.0013   0.1917  -0.0054   0.8455   0.9983
  -0.0026   0.9680   1.0000  -0.0247   0.0000   0.0008   0.5537  -0.0002  -0.0002   0.1857  -0.0004   0.8189   0.9669
   0.0005  -0.0255  -0.0247   1.0000  -0.0000  -0.0001  -0.0149   0.0001   0.0000  -0.0064   0.0001  -0.0213  -0.0239
  -0.0083   0.0004   0.0000  -0.0000   1.0000   0.0345   0.0052  -0.2572   0.0267   0.0001  -0.0090   0.0003   0.0004
  -0.1386   0.0065   0.0008  -0.0001   0.0345   1.0000   0.0862   0.4522  -0.0030   0.0013  -0.0387   0.0055   0.0065
  -0.2779   0.5826   0.5537  -0.0149   0.0052   0.0862   1.0000  -0.0263  -0.0174   0.1118  -0.0752   0.4929   0.5820
   0.0423  -0.0020  -0.0002   0.0001  -0.2572   0.4522  -0.0263   1.0000   0.0719  -0.0004  -0.0076  -0.0017  -0.0020
   0.0280  -0.0013  -0.0002   0.0000   0.0267  -0.0030  -0.0174   0.0719   1.0000  -0.0003   0.0121  -0.0011  -0.0013
  -0.0040   0.1917   0.1857  -0.0064   0.0001   0.0013   0.1118  -0.0004  -0.0003   1.0000  -0.0010   0.1702   0.1932
   0.1212  -0.0054  -0.0004   0.0001  -0.0090  -0.0387  -0.0752  -0.0076   0.0121  -0.0010   1.0000  -0.0046  -0.0054
  -0.0178   0.8455   0.8189  -0.0213   0.0003   0.0055   0.4929  -0.0017  -0.0011   0.1702  -0.0046   1.0000   0.8441
  -0.0211   0.9983   0.9669  -0.0239   0.0004   0.0065   0.5820  -0.0020  -0.0013   0.1932  -0.0054   0.8441   1.0000
