
  RooFitResult: minimized FCN value: -8.16553e+06, estimated distance to minimum: 0.0112452
                covariance matrix quality: Full, accurate covariance matrix
                Status : MIGRAD=4 HESSE=0 MINOS=0 

    Constant Parameter    Value     
  --------------------  ------------
              peakFail    9.1188e+01

    Floating Parameter  InitialValue    FinalValue (+HiError,-LoError)    GblCorr.
  --------------------  ------------  ----------------------------------  --------
              NbkgFail    4.3871e+03    7.2357e+03         +/-  2.00e+02  <none>
              NbkgPass    5.0000e+01    2.0654e+03         +/-  1.78e+02  <none>
                  Nsig    7.3278e+05    9.0667e+05         +/-  9.84e+02  <none>
                 aPass    0.0000e+00    2.4755e+00         +/-  2.63e-03  <none>
              alfaFail    6.0000e+01    7.9919e+01         +/-  8.31e-01  <none>
              betaFail    5.0000e-02    5.8896e-02         +/-  2.92e-03  <none>
                   eff    8.0000e-01    9.5959e-01 (+2.88e-04,-2.87e-04)  <none>
             gammaFail    1.0000e-01    1.5076e-02         +/-  1.93e-03  <none>
              meanFail    0.0000e+00   -3.8116e-01         +/-  2.31e-02  <none>
              meanPass    0.0000e+00   -3.1457e-01         +/-  4.08e-03  <none>
             sigmaFail    2.0000e+00    8.8738e-01         +/-  7.68e-02  <none>
             sigmaPass    2.0000e+00    8.3821e-01         +/-  1.27e-02  <none>
                 tPass   -1.0000e-06   -5.2463e-03         +/-  3.08e-03  <none>


  Correlation Matrix
 --------------------
   1.0000  -0.0005  -0.1645  -0.0000   0.0560   0.6475   0.6148   0.6055   0.1570  -0.0000  -0.4574   0.0001  -0.0002
  -0.0005   1.0000  -0.1707   0.0000  -0.0000  -0.0004  -0.0270  -0.0003  -0.0001   0.0038   0.0003  -0.1077   0.3621
  -0.1645  -0.1707   1.0000  -0.0000  -0.0112  -0.1300  -0.1187  -0.1215  -0.0315  -0.0007   0.0920   0.0196  -0.0658
  -0.0000   0.0000  -0.0000   1.0000  -0.0000  -0.0000  -0.0000  -0.0000  -0.0000  -0.0000   0.0000  -0.0000  -0.0000
   0.0560  -0.0000  -0.0112  -0.0000   1.0000  -0.2379   0.0421   0.4529  -0.0338  -0.0000  -0.0278   0.0000  -0.0000
   0.6475  -0.0004  -0.1300  -0.0000  -0.2379   1.0000   0.4861   0.5897   0.1852  -0.0000  -0.3585   0.0000  -0.0001
   0.6148  -0.0270  -0.1187  -0.0000   0.0421   0.4861   1.0000   0.4546   0.1179  -0.0001  -0.3438   0.0031  -0.0104
   0.6055  -0.0003  -0.1215  -0.0000   0.4529   0.5897   0.4546   1.0000   0.2113  -0.0000  -0.3472   0.0000  -0.0001
   0.1570  -0.0001  -0.0315  -0.0000  -0.0338   0.1852   0.1179   0.2113   1.0000  -0.0000  -0.1559   0.0000  -0.0000
  -0.0000   0.0038  -0.0007  -0.0000  -0.0000  -0.0000  -0.0001  -0.0000  -0.0000   1.0000   0.0000  -0.0858  -0.0445
  -0.4574   0.0003   0.0920   0.0000  -0.0278  -0.3585  -0.3438  -0.3472  -0.1559   0.0000   1.0000  -0.0000   0.0001
   0.0001  -0.1077   0.0196  -0.0000   0.0000   0.0000   0.0031   0.0000   0.0000  -0.0858  -0.0000   1.0000  -0.0243
  -0.0002   0.3621  -0.0658  -0.0000  -0.0000  -0.0001  -0.0104  -0.0001  -0.0000  -0.0445   0.0001  -0.0243   1.0000
