
  RooFitResult: minimized FCN value: -156364, estimated distance to minimum: 0.000297052
                covariance matrix quality: Full matrix, but forced positive-definite
                Status : MIGRAD=4 HESSE=0 

    Constant Parameter    Value     
  --------------------  ------------
              peakFail    9.1188e+01

    Floating Parameter  InitialValue    FinalValue +/-  Error     GblCorr.
  --------------------  ------------  --------------------------  --------
              NbkgFail    1.6995e+03    1.6987e+03 +/-  3.14e+01  <none>
              NbkgPass    3.4172e+02    3.4158e+02 +/-  4.37e+01  <none>
                  Nsig    3.1275e+04    3.1276e+04 +/-  8.82e+01  <none>
                 aPass    3.3567e+00    3.3424e+00 +/-  5.69e-02  <none>
              alfaFail    5.0699e+01    7.5856e+01 +/-  2.73e+01  <none>
              betaFail    1.0197e-03    4.8861e-04 +/-  1.46e-01  <none>
                   eff    8.9751e-01    8.9748e-01 +/-  9.95e-04  <none>
             gammaFail    3.4326e-02    3.3786e-02 +/-  1.89e-03  <none>
              meanFail   -9.5642e-02   -9.5530e-02 +/-  1.46e-01  <none>
              meanPass   -7.1663e-01   -7.1659e-01 +/-  2.47e-02  <none>
             sigmaFail    2.8914e+00    2.9008e+00 +/-  1.70e-01  <none>
             sigmaPass    1.3448e+00    1.3433e+00 +/-  6.26e-02  <none>
                 tPass   -4.4486e-02   -4.4429e-02 +/-  5.12e-03  <none>


  Correlation Matrix
 --------------------
   1.0000  -0.0017  -0.0585   0.0000  -0.1806  -0.1818   0.1842  -0.1454   0.1160  -0.0000   0.0048   0.0001   0.0003
  -0.0017   1.0000  -0.1158  -0.0000   0.0011   0.0011  -0.0426   0.0009  -0.0007   0.0225  -0.0000  -0.0685  -0.1448
  -0.0585  -0.1158   1.0000   0.0000   0.0372   0.0375  -0.0322   0.0300  -0.0239  -0.0031  -0.0010   0.0094   0.0196
   0.0000  -0.0000   0.0000   1.0000  -0.0000  -0.0000   0.0000  -0.0000   0.0000  -0.0000   0.0000  -0.0000  -0.0000
  -0.1806   0.0011   0.0372  -0.0000   1.0000   0.9985  -0.1171   0.8583  -0.5160   0.0000  -0.2954  -0.0001  -0.0002
  -0.1818   0.0011   0.0375  -0.0000   0.9985   1.0000  -0.1179   0.8645  -0.5196   0.0000  -0.2978  -0.0001  -0.0002
   0.1842  -0.0426  -0.0322   0.0000  -0.1171  -0.1179   1.0000  -0.0943   0.0753  -0.0011   0.0031   0.0034   0.0072
  -0.1454   0.0009   0.0300  -0.0000   0.8583   0.8645  -0.0943   1.0000  -0.4131   0.0000  -0.2328  -0.0001  -0.0001
   0.1160  -0.0007  -0.0239   0.0000  -0.5160  -0.5196   0.0753  -0.4131   1.0000  -0.0000   0.1485   0.0001   0.0001
  -0.0000   0.0225  -0.0031  -0.0000   0.0000   0.0000  -0.0011   0.0000  -0.0000   1.0000  -0.0000  -0.0572  -0.0626
   0.0048  -0.0000  -0.0010   0.0000  -0.2954  -0.2978   0.0031  -0.2328   0.1485  -0.0000   1.0000   0.0000   0.0000
   0.0001  -0.0685   0.0094  -0.0000  -0.0001  -0.0001   0.0034  -0.0001   0.0001  -0.0572   0.0000   1.0000  -0.0252
   0.0003  -0.1448   0.0196  -0.0000  -0.0002  -0.0002   0.0072  -0.0001   0.0001  -0.0626   0.0000  -0.0252   1.0000
