
  RooFitResult: minimized FCN value: -9.05776e+06, estimated distance to minimum: 134.358
                covariance matrix quality: Full matrix, but forced positive-definite
                Status : MIGRAD=4 HESSE=0 MINOS=0 

    Constant Parameter    Value     
  --------------------  ------------
              peakFail    9.1188e+01

    Floating Parameter  InitialValue    FinalValue (+HiError,-LoError)    GblCorr.
  --------------------  ------------  ----------------------------------  --------
              NbkgFail    1.0480e+04    3.9204e+04         +/-  9.76e+02  <none>
              NbkgPass    5.0000e+01    5.9947e+03         +/-  4.55e+02  <none>
                  Nsig    8.4113e+05    1.0063e+06         +/-  1.43e+03  <none>
                 aPass    0.0000e+00    1.4345e+00         +/-  1.07e-03  <none>
              alfaFail    5.0000e+01    6.3287e+01         +/-  4.28e+00  <none>
              betaFail    5.0000e-02    5.2038e-02         +/-  1.47e-02  <none>
                   eff    8.0000e-01    9.3479e-01 (+1.07e-03,-2.55e-03)  <none>
             gammaFail    1.0000e-01    3.1529e-02         +/-  5.42e-03  <none>
              meanFail    0.0000e+00   -8.3404e-01         +/-  2.81e-02  <none>
              meanPass    0.0000e+00   -5.6876e-01         +/-  4.80e-03  <none>
             sigmaFail    2.0000e+00    9.1726e-01         +/-  1.27e-01  <none>
             sigmaPass    2.0000e+00    1.0444e+00         +/-  1.28e-02  <none>
                 tPass   -1.0000e-06   -2.8299e-02         +/-  2.75e-03  <none>


  Correlation Matrix
 --------------------
   1.0000  -0.0124  -0.6361  -0.0000   0.9337  -0.8971   0.9437   0.9296  -0.0762  -0.0017  -0.7787   0.0026   0.0069
  -0.0124   1.0000  -0.2976   0.0000  -0.0121   0.0117  -0.0435  -0.0121   0.0010   0.1314   0.0101  -0.2037  -0.5377
  -0.6361  -0.2976   1.0000  -0.0000  -0.6191   0.5948  -0.6161  -0.6164   0.0504  -0.0402   0.5165   0.0624   0.1642
  -0.0000   0.0000  -0.0000   1.0000  -0.0000   0.0000  -0.0000  -0.0000   0.0000   0.0000   0.0000  -0.0000  -0.0000
   0.9337  -0.0121  -0.6191  -0.0000   1.0000  -0.9798   0.9187   0.9974  -0.1600  -0.0016  -0.7415   0.0025   0.0067
  -0.8971   0.0117   0.5948   0.0000  -0.9798   1.0000  -0.8826  -0.9818   0.2058   0.0016   0.7067  -0.0024  -0.0064
   0.9437  -0.0435  -0.6161  -0.0000   0.9187  -0.8826   1.0000   0.9146  -0.0749  -0.0059  -0.7662   0.0091   0.0240
   0.9296  -0.0121  -0.6164  -0.0000   0.9974  -0.9818   0.9146   1.0000  -0.1520  -0.0016  -0.7371   0.0025   0.0067
  -0.0762   0.0010   0.0504   0.0000  -0.1600   0.2058  -0.0749  -0.1520   1.0000   0.0001  -0.0998  -0.0002  -0.0006
  -0.0017   0.1314  -0.0402   0.0000  -0.0016   0.0016  -0.0059  -0.0016   0.0001   1.0000   0.0014  -0.2656  -0.1569
  -0.7787   0.0101   0.5165   0.0000  -0.7415   0.7067  -0.7662  -0.7371  -0.0998   0.0014   1.0000  -0.0021  -0.0056
   0.0026  -0.2037   0.0624  -0.0000   0.0025  -0.0024   0.0091   0.0025  -0.0002  -0.2656  -0.0021   1.0000   0.0949
   0.0069  -0.5377   0.1642  -0.0000   0.0067  -0.0064   0.0240   0.0067  -0.0006  -0.1569  -0.0056   0.0949   1.0000
