
  RooFitResult: minimized FCN value: -3.19192e+06, estimated distance to minimum: 8.14415e+17
                covariance matrix quality: Full matrix, but forced positive-definite
                Status : MIGRAD=4 HESSE=0 MINOS=0 

    Constant Parameter    Value     
  --------------------  ------------
              peakFail    9.1188e+01

    Floating Parameter  InitialValue    FinalValue +/-  Error     GblCorr.
  --------------------  ------------  --------------------------  --------
              NbkgFail    7.4368e+03    2.9393e+04 +/-  1.95e+03  <none>
              NbkgPass    5.0000e+01    4.5361e+03 +/-  2.02e+02  <none>
                  Nsig    3.4136e+05    3.9278e+05 +/-  1.74e+03  <none>
                 aPass    0.0000e+00    8.3588e-02 +/-  1.09e-03  <none>
              alfaFail    6.0000e+01    5.9754e+01 +/-  1.05e+00  <none>
              betaFail    5.0000e-02    7.6053e-02 +/-  2.02e-02  <none>
                   eff    8.0000e-01    8.8551e-01 +/-  4.09e-03  <none>
             gammaFail    1.0000e-01    4.0815e-02 +/-  4.72e-04  <none>
              meanFail    0.0000e+00   -1.4237e+00 +/-  1.96e-01  <none>
              meanPass    0.0000e+00   -9.6231e-01 +/-  6.31e-03  <none>
             sigmaFail    2.0000e+00    1.3489e-02 +/-  3.69e+00  <none>
             sigmaPass    2.0000e+00    8.4246e-01 +/-  2.14e-02  <none>
                 tPass   -1.0000e-06   -4.7408e-02 +/-  2.23e-03  <none>


  Correlation Matrix
 --------------------
   1.0000  -0.0673  -0.9527  -0.0000   0.9661  -0.9750   0.9919  -0.2796   0.9892  -0.0038  -0.9953   0.0154  -0.0209
  -0.0673   1.0000  -0.0054   0.0000  -0.0653   0.0660  -0.0765   0.0200  -0.0670   0.0394   0.0674  -0.1075   0.2965
  -0.9527  -0.0054   1.0000  -0.0000  -0.9258   0.9343  -0.9496   0.2661  -0.9478   0.0006   0.9536  -0.0065  -0.0028
  -0.0000   0.0000  -0.0000   1.0000  -0.0000   0.0000  -0.0000   0.0000  -0.0000  -0.0000   0.0000  -0.0000  -0.0001
   0.9661  -0.0653  -0.9258  -0.0000   1.0000  -0.9394   0.9638  -0.1762   0.9624  -0.0036  -0.9674   0.0145  -0.0204
  -0.9750   0.0660   0.9343   0.0000  -0.9394   1.0000  -0.9726   0.1988  -0.9702   0.0037   0.9764  -0.0149   0.0207
   0.9919  -0.0765  -0.9496  -0.0000   0.9638  -0.9726   1.0000  -0.2789   0.9868  -0.0042  -0.9929   0.0165  -0.0239
  -0.2796   0.0200   0.2661   0.0000  -0.1762   0.1988  -0.2789   1.0000  -0.2697   0.0016   0.2820  -0.0075   0.0043
   0.9892  -0.0670  -0.9478  -0.0000   0.9624  -0.9702   0.9868  -0.2697   1.0000  -0.0038  -0.9934   0.0153  -0.0208
  -0.0038   0.0394   0.0006  -0.0000  -0.0036   0.0037  -0.0042   0.0016  -0.0038   1.0000   0.0038  -0.1016  -0.0528
  -0.9953   0.0674   0.9536   0.0000  -0.9674   0.9764  -0.9929   0.2820  -0.9934   0.0038   1.0000  -0.0154   0.0209
   0.0154  -0.1075  -0.0065  -0.0000   0.0145  -0.0149   0.0165  -0.0075   0.0153  -0.1016  -0.0154   1.0000  -0.0587
  -0.0209   0.2965  -0.0028  -0.0001  -0.0204   0.0207  -0.0239   0.0043  -0.0208  -0.0528   0.0209  -0.0587   1.0000
