
  RooFitResult: minimized FCN value: -175007, estimated distance to minimum: 1.93067e+13
                covariance matrix quality: Full matrix, but forced positive-definite
                Status : MIGRAD=4 HESSE=0 MINOS=0 

    Constant Parameter    Value     
  --------------------  ------------
              peakFail    9.1188e+01

    Floating Parameter  InitialValue    FinalValue +/-  Error     GblCorr.
  --------------------  ------------  --------------------------  --------
              NbkgFail    1.9597e+03    1.6145e+04 +/-  2.04e+01  <none>
              NbkgPass    5.0000e+01    1.9565e+03 +/-  1.29e+01  <none>
                  Nsig    3.1678e+04    2.1497e+04 +/-  2.39e+01  <none>
                 aPass    0.0000e+00    3.7944e+00 +/-  1.41e-03  <none>
              alfaFail    6.5000e+01    5.9282e+01 +/-  1.79e+01  <none>
              betaFail    5.0000e-02    2.0083e-05 +/-  1.15e-02  <none>
                   eff    8.0000e-01    8.3940e-01 +/-  6.39e-04  <none>
             gammaFail    1.0000e-01    2.8474e-02 +/-  8.53e-05  <none>
              meanFail    0.0000e+00   -1.4165e+00 +/-  2.42e-02  <none>
              meanPass    0.0000e+00   -1.1637e+00 +/-  7.37e-03  <none>
             sigmaFail    2.0000e+00    9.3582e-05 +/-  7.87e-02  <none>
             sigmaPass    2.0000e+00    1.6253e+00 +/-  1.59e-02  <none>
                 tPass   -1.0000e-06   -6.0010e-02 +/-  4.44e-04  <none>


  Correlation Matrix
 --------------------
   1.0000  -0.0001  -0.0039  -0.0000   0.0056  -0.0056   0.0137  -0.0023   0.0000  -0.0000   0.0000   0.0000  -0.0000
  -0.0001   1.0000  -0.0106   0.0000  -0.0001   0.0001  -0.0072   0.0000  -0.0000   0.0010  -0.0000  -0.0049   0.0069
  -0.0039  -0.0106   1.0000  -0.0000  -0.0049   0.0049  -0.0108   0.0021  -0.0000  -0.0002  -0.0000   0.0009  -0.0012
  -0.0000   0.0000  -0.0000   1.0000  -0.0000   0.0000  -0.0000   0.0000  -0.0000  -0.0000  -0.0000  -0.0000  -0.0000
   0.0056  -0.0001  -0.0049  -0.0000   1.0000  -0.9990   0.0169  -0.4524   0.0132  -0.0000   0.0021   0.0000  -0.0000
  -0.0056   0.0001   0.0049   0.0000  -0.9990   1.0000  -0.0170   0.4531  -0.0133   0.0000  -0.0021  -0.0000   0.0000
   0.0137  -0.0072  -0.0108  -0.0000   0.0169  -0.0170   1.0000  -0.0071   0.0000  -0.0001   0.0000   0.0006  -0.0008
  -0.0023   0.0000   0.0021   0.0000  -0.4524   0.4531  -0.0071   1.0000  -0.0055   0.0000  -0.0009  -0.0000   0.0000
   0.0000  -0.0000  -0.0000  -0.0000   0.0132  -0.0133   0.0000  -0.0055   1.0000  -0.0000  -0.0039   0.0000  -0.0000
  -0.0000   0.0010  -0.0002  -0.0000  -0.0000   0.0000  -0.0001   0.0000  -0.0000   1.0000  -0.0000  -0.0036  -0.0019
   0.0000  -0.0000  -0.0000  -0.0000   0.0021  -0.0021   0.0000  -0.0009  -0.0039  -0.0000   1.0000   0.0000  -0.0000
   0.0000  -0.0049   0.0009  -0.0000   0.0000  -0.0000   0.0006  -0.0000   0.0000  -0.0036   0.0000   1.0000  -0.0056
  -0.0000   0.0069  -0.0012  -0.0000  -0.0000   0.0000  -0.0008   0.0000  -0.0000  -0.0019  -0.0000  -0.0056   1.0000
