
  RooFitResult: minimized FCN value: -182288, estimated distance to minimum: 8.5233e-05
                covariance matrix quality: Full matrix, but forced positive-definite
                Status : MIGRAD=4 HESSE=0 

    Constant Parameter    Value     
  --------------------  ------------
              peakFail    9.1188e+01

    Floating Parameter  InitialValue    FinalValue +/-  Error     GblCorr.
  --------------------  ------------  --------------------------  --------
              NbkgFail    1.6100e+04    1.6100e+04 +/-  2.01e+02  <none>
              NbkgPass    2.1251e+03    2.1245e+03 +/-  9.58e+01  <none>
                  Nsig    2.2520e+04    2.2521e+04 +/-  2.28e+02  <none>
                 aPass    7.6406e-01    2.2080e-01 +/-  1.91e-03  <none>
              alfaFail    5.3636e+01    5.3630e+01 +/-  1.52e+01  <none>
              betaFail    2.0196e-06    2.0422e-06 +/-  1.76e-01  <none>
                   eff    8.1278e-01    8.1278e-01 +/-  6.64e-03  <none>
             gammaFail    2.6822e-02    2.6823e-02 +/-  7.83e-03  <none>
              meanFail   -2.1612e+00   -2.1612e+00 +/-  1.99e-01  <none>
              meanPass   -1.9815e+00   -1.9814e+00 +/-  3.98e-02  <none>
             sigmaFail    1.6535e+00    1.6535e+00 +/-  4.09e-01  <none>
             sigmaPass    7.9222e-01    7.9228e-01 +/-  1.14e-01  <none>
                 tPass   -5.3870e-02   -5.3429e-02 +/-  2.75e-03  <none>


  Correlation Matrix
 --------------------
   1.0000  -0.0209  -0.5557  -0.0000  -0.1200   0.3812   0.7337   0.3678  -0.0180  -0.0006  -0.4545   0.0061  -0.0108
  -0.0209   1.0000  -0.2893   0.0001   0.0039  -0.0125  -0.1158  -0.0121   0.0006   0.0236   0.0148  -0.2268   0.4029
  -0.5557  -0.2893   1.0000  -0.0000   0.1045  -0.3318  -0.6024  -0.3202   0.0157  -0.0088   0.3958   0.0844  -0.1498
  -0.0000   0.0001  -0.0000   1.0000   0.0000  -0.0000  -0.0000  -0.0000   0.0000   0.0000   0.0000  -0.0000  -0.0007
  -0.1200   0.0039   0.1045   0.0000   1.0000  -0.3155  -0.1380  -0.3144  -0.0015   0.0001   0.1517  -0.0012   0.0020
   0.3812  -0.0125  -0.3318  -0.0000  -0.3155   1.0000   0.4382   0.9978   0.0049  -0.0004  -0.4816   0.0037  -0.0065
   0.7337  -0.1158  -0.6024  -0.0000  -0.1380   0.4382   1.0000   0.4228  -0.0207  -0.0035  -0.5225   0.0338  -0.0600
   0.3678  -0.0121  -0.3202  -0.0000  -0.3144   0.9978   0.4228   1.0000   0.0048  -0.0004  -0.4650   0.0035  -0.0063
  -0.0180   0.0006   0.0157   0.0000  -0.0015   0.0049  -0.0207   0.0048   1.0000   0.0000   0.0529  -0.0002   0.0003
  -0.0006   0.0236  -0.0088   0.0000   0.0001  -0.0004  -0.0035  -0.0004   0.0000   1.0000   0.0005  -0.0542  -0.0491
  -0.4545   0.0148   0.3958   0.0000   0.1517  -0.4816  -0.5225  -0.4650   0.0529   0.0005   1.0000  -0.0043   0.0077
   0.0061  -0.2268   0.0844  -0.0000  -0.0012   0.0037   0.0338   0.0035  -0.0002  -0.0542  -0.0043   1.0000  -0.2114
  -0.0108   0.4029  -0.1498  -0.0007   0.0020  -0.0065  -0.0600  -0.0063   0.0003  -0.0491   0.0077  -0.2114   1.0000
