
  RooFitResult: minimized FCN value: -273296, estimated distance to minimum: 0.000578857
                covariance matrix quality: Full, accurate covariance matrix
                Status : MIGRAD=4 HESSE=0 MINOS=0 

    Constant Parameter    Value     
  --------------------  ------------
              peakFail    9.1188e+01

    Floating Parameter  InitialValue    FinalValue (+HiError,-LoError)    GblCorr.
  --------------------  ------------  ----------------------------------  --------
              NbkgFail    3.9090e+02    1.6470e+03         +/-  6.61e+01  <none>
              NbkgPass    5.0000e+01    9.7691e+02         +/-  8.73e+01  <none>
                  Nsig    3.9062e+04    4.6203e+04         +/-  2.36e+02  <none>
                 aPass    0.0000e+00    5.0874e+00         +/-  1.60e+01  <none>
              alfaFail    6.0000e+01    8.0000e+01         +/-  1.68e-01  <none>
              betaFail    5.0000e-02    3.9838e-02         +/-  3.07e-03  <none>
                   eff    8.0000e-01    9.5104e-01 (+1.47e-03,-1.49e-03)  <none>
             gammaFail    1.0000e-01    4.0579e-14         +/-  1.89e-04  <none>
              meanFail    0.0000e+00   -5.3862e-02         +/-  1.29e-01  <none>
              meanPass    0.0000e+00   -2.2779e-01         +/-  2.15e-02  <none>
             sigmaFail    2.0000e+00    8.9020e-01         +/-  2.07e-01  <none>
             sigmaPass    2.0000e+00    3.0415e-01         +/-  2.06e-01  <none>
                 tPass   -1.0000e-06   -4.0028e-09         +/-  1.45e-03  <none>


  Correlation Matrix
 --------------------
   1.0000  -0.0010  -0.1731  -0.0000  -0.0014   0.3059   0.5759   0.0057  -0.0953   0.0000  -0.2419   0.0003   0.0001
  -0.0010   1.0000  -0.3213   0.0072   0.0000  -0.0005  -0.0556  -0.0000   0.0001  -0.0138   0.0004  -0.2590  -0.1228
  -0.1731  -0.3213   1.0000  -0.0026   0.0004  -0.0850  -0.1401  -0.0016   0.0266   0.0051   0.0674   0.0954   0.0451
  -0.0000   0.0072  -0.0026   1.0000   0.0000  -0.0000  -0.0005  -0.0000   0.0000  -0.0007   0.0000  -0.0016   0.0005
  -0.0014   0.0000   0.0004   0.0000   1.0000   0.0176  -0.0013  -0.0012   0.0061  -0.0000   0.0007  -0.0000  -0.0000
   0.3059  -0.0005  -0.0850  -0.0000   0.0176   1.0000   0.2832   0.0230  -0.0414   0.0000  -0.0728   0.0002   0.0001
   0.5759  -0.0556  -0.1401  -0.0005  -0.0013   0.2832   1.0000   0.0053  -0.0882   0.0009  -0.2240   0.0165   0.0078
   0.0057  -0.0000  -0.0016  -0.0000  -0.0012   0.0230   0.0053   1.0000   0.0041   0.0000  -0.0014   0.0000   0.0000
  -0.0953   0.0001   0.0266   0.0000   0.0061  -0.0414  -0.0882   0.0041   1.0000  -0.0000   0.2553  -0.0000  -0.0000
   0.0000  -0.0138   0.0051  -0.0007  -0.0000   0.0000   0.0009   0.0000  -0.0000   1.0000  -0.0000   0.2326   0.0143
  -0.2419   0.0004   0.0674   0.0000   0.0007  -0.0728  -0.2240  -0.0014   0.2553  -0.0000   1.0000  -0.0001  -0.0001
   0.0003  -0.2590   0.0954  -0.0016  -0.0000   0.0002   0.0165   0.0000  -0.0000   0.2326  -0.0001   1.0000   0.0250
   0.0001  -0.1228   0.0451   0.0005  -0.0000   0.0001   0.0078   0.0000  -0.0000   0.0143  -0.0001   0.0250   1.0000
