
  RooFitResult: minimized FCN value: -156364, estimated distance to minimum: 0.00175012
                covariance matrix quality: Full matrix, but forced positive-definite
                Status : MIGRAD=4 HESSE=0 MINOS=0 

    Constant Parameter    Value     
  --------------------  ------------
              peakFail    9.1188e+01

    Floating Parameter  InitialValue    FinalValue +/-  Error     GblCorr.
  --------------------  ------------  --------------------------  --------
              NbkgFail    4.9050e+02    1.7002e+03 +/-  2.89e+01  <none>
              NbkgPass    5.0000e+01    3.4110e+02 +/-  3.64e+01  <none>
                  Nsig    2.6653e+04    3.1274e+04 +/-  7.44e+01  <none>
                 aPass    0.0000e+00    2.6484e+00 +/-  3.28e-03  <none>
              alfaFail    6.0000e+01    7.9137e+01 +/-  1.52e+01  <none>
              betaFail    5.0000e-02    1.1336e-03 +/-  3.27e-02  <none>
                   eff    8.0000e-01    8.9752e-01 +/-  8.65e-04  <none>
             gammaFail    1.0000e-01    3.4506e-02 +/-  3.92e-03  <none>
              meanFail    0.0000e+00   -9.4223e-02 +/-  2.10e-01  <none>
              meanPass    0.0000e+00   -7.1688e-01 +/-  2.08e-02  <none>
             sigmaFail    2.0000e+00    2.9002e+00 +/-  2.03e-01  <none>
             sigmaPass    2.0000e+00    1.3437e+00 +/-  5.27e-02  <none>
                 tPass   -1.0000e-06   -4.4463e-02 +/-  4.29e-03  <none>


  Correlation Matrix
 --------------------
   1.0000  -0.0017  -0.0745   0.0000   0.4475   0.4459   0.2320   0.4351   0.3954  -0.0000   0.3093   0.0001  -0.0002
  -0.0017   1.0000  -0.0814  -0.0000  -0.0021  -0.0021  -0.0300  -0.0020  -0.0018   0.0122  -0.0014  -0.0497   0.0764
  -0.0745  -0.0814   1.0000   0.0000  -0.0942  -0.0939  -0.0459  -0.0916  -0.0833  -0.0012  -0.0651   0.0051  -0.0077
   0.0000  -0.0000   0.0000   1.0000   0.0000   0.0000   0.0000   0.0000   0.0000  -0.0000   0.0000  -0.0000   0.0000
   0.4475  -0.0021  -0.0942   0.0000   1.0000   0.9984   0.2933   0.9792   0.8662  -0.0000   0.7397   0.0001  -0.0002
   0.4459  -0.0021  -0.0939   0.0000   0.9984   1.0000   0.2922   0.9756   0.8629  -0.0000   0.7372   0.0001  -0.0002
   0.2320  -0.0300  -0.0459   0.0000   0.2933   0.2922   1.0000   0.2851   0.2592  -0.0005   0.2027   0.0019  -0.0029
   0.4351  -0.0020  -0.0916   0.0000   0.9792   0.9756   0.2851   1.0000   0.8425  -0.0000   0.7196   0.0001  -0.0002
   0.3954  -0.0018  -0.0833   0.0000   0.8662   0.8629   0.2592   0.8425   1.0000  -0.0000   0.6389   0.0001  -0.0002
  -0.0000   0.0122  -0.0012  -0.0000  -0.0000  -0.0000  -0.0005  -0.0000  -0.0000   1.0000  -0.0000  -0.0407   0.0449
   0.3093  -0.0014  -0.0651   0.0000   0.7397   0.7372   0.2027   0.7196   0.6389  -0.0000   1.0000   0.0001  -0.0001
   0.0001  -0.0497   0.0051  -0.0000   0.0001   0.0001   0.0019   0.0001   0.0001  -0.0407   0.0001   1.0000   0.0218
  -0.0002   0.0764  -0.0077   0.0000  -0.0002  -0.0002  -0.0029  -0.0002  -0.0002   0.0449  -0.0001   0.0218   1.0000
