
  RooFitResult: minimized FCN value: -447268, estimated distance to minimum: 1.01836e-06
                covariance matrix quality: Full, accurate covariance matrix
                Status : MIGRAD=4 HESSE=0 MINOS=0 

    Constant Parameter    Value     
  --------------------  ------------
              peakFail    9.1188e+01

    Floating Parameter  InitialValue    FinalValue (+HiError,-LoError)    GblCorr.
  --------------------  ------------  ----------------------------------  --------
              NbkgFail    5.9150e+02    8.3755e+02         +/-  1.46e+02  <none>
              NbkgPass    5.0000e+01    2.3467e+02         +/-  6.32e+01  <none>
                  Nsig    6.0238e+04    7.4225e+04         +/-  3.11e+02  <none>
                 aPass    0.0000e+00    1.0000e+01         +/-  1.09e+01  <none>
              alfaFail    6.0000e+01    8.0000e+01         +/-  5.48e+00  <none>
              betaFail    5.0000e-02    4.8516e-02         +/-  1.17e-02  <none>
                   eff    8.0000e-01    9.3159e-01 (+1.72e-03,-1.62e-03)  <none>
             gammaFail    1.0000e-01    3.4856e-02         +/-  1.16e-02  <none>
              meanFail    0.0000e+00    6.4474e-02         +/-  1.18e-01  <none>
              meanPass    0.0000e+00   -3.6602e-01         +/-  2.40e-02  <none>
             sigmaFail    2.0000e+00    1.1890e+00         +/-  3.08e-01  <none>
             sigmaPass    2.0000e+00    1.1780e+00         +/-  7.62e-02  <none>
                 tPass   -1.0000e-06   -3.2898e-12         +/-  2.90e-03  <none>


  Correlation Matrix
 --------------------
   1.0000  -0.0071  -0.4354  -0.0000  -0.2921  -0.8486   0.8717  -0.8865   0.0573   0.0000  -0.5493   0.0015  -0.0003
  -0.0071   1.0000  -0.1860   0.0010   0.0022   0.0063  -0.0340   0.0066  -0.0004  -0.0009   0.0040  -0.1932   0.0385
  -0.4354  -0.1860   1.0000  -0.0002   0.1323   0.3844  -0.3895   0.4016  -0.0260   0.0002   0.2491   0.0381  -0.0075
  -0.0000   0.0010  -0.0002   1.0000   0.0000   0.0000  -0.0000   0.0000  -0.0000   0.0009   0.0000  -0.0004  -0.0007
  -0.2921   0.0022   0.1323   0.0000   1.0000   0.1817  -0.2649   0.5212   0.0816  -0.0000   0.1487  -0.0004   0.0001
  -0.8486   0.0063   0.3844   0.0000   0.1817   1.0000  -0.7696   0.8581   0.0579  -0.0000   0.4101  -0.0013   0.0003
   0.8717  -0.0340  -0.3895  -0.0000  -0.2649  -0.7696   1.0000  -0.8040   0.0520   0.0000  -0.4985   0.0070  -0.0014
  -0.8865   0.0066   0.4016   0.0000   0.5212   0.8581  -0.8040   1.0000  -0.0711  -0.0000   0.4794  -0.0013   0.0003
   0.0573  -0.0004  -0.0260  -0.0000   0.0816   0.0579   0.0520  -0.0711   1.0000   0.0000  -0.2254   0.0001  -0.0000
   0.0000  -0.0009   0.0002   0.0009  -0.0000  -0.0000   0.0000  -0.0000   0.0000   1.0000  -0.0000  -0.2503   0.0160
  -0.5493   0.0040   0.2491   0.0000   0.1487   0.4101  -0.4985   0.4794  -0.2254  -0.0000   1.0000  -0.0008   0.0002
   0.0015  -0.1932   0.0381  -0.0004  -0.0004  -0.0013   0.0070  -0.0013   0.0001  -0.2503  -0.0008   1.0000  -0.0106
  -0.0003   0.0385  -0.0075  -0.0007   0.0001   0.0003  -0.0014   0.0003  -0.0000   0.0160   0.0002  -0.0106   1.0000
