
  RooFitResult: minimized FCN value: -261128, estimated distance to minimum: 9.877e-05
                covariance matrix quality: Full, accurate covariance matrix
                Status : MIGRAD=0 HESSE=0 

    Constant Parameter    Value     
  --------------------  ------------
              peakFail    9.1188e+01

    Floating Parameter  InitialValue    FinalValue +/-  Error     GblCorr.
  --------------------  ------------  --------------------------  --------
              NbkgFail    6.8231e+01    6.8227e+01 +/-  1.56e+01  <none>
              NbkgPass    9.3036e+02    9.3214e+02 +/-  8.49e+01  <none>
                  Nsig    4.3921e+04    4.3917e+04 +/-  2.24e+02  <none>
                 aPass    1.1763e+00    9.9444e+00 +/-  1.83e+01  <none>
              alfaFail    8.0000e+01    8.0000e+01 +/-  3.67e+00  <none>
              betaFail    4.0277e-02    4.0401e-02 +/-  1.47e-02  <none>
                   eff    9.9834e-01    9.9834e-01 +/-  3.60e-04  <none>
             gammaFail    6.0142e-09    1.6334e-09 +/-  4.66e-03  <none>
              meanFail   -4.7324e-01   -4.7377e-01 +/-  8.61e-01  <none>
              meanPass   -2.2853e-01   -2.2849e-01 +/-  2.16e-02  <none>
             sigmaFail    2.6900e+00    2.6855e+00 +/-  8.74e-01  <none>
             sigmaPass    3.1917e-01    3.2215e-01 +/-  2.01e-01  <none>
                 tPass   -5.2720e-09   -2.6979e-10 +/-  1.84e-03  <none>


  Correlation Matrix
 --------------------
   1.0000   0.0000  -0.0505   0.0000  -0.0007   0.3609   0.7159   0.0031  -0.0624  -0.0000  -0.3544  -0.0001   0.0000
   0.0000   1.0000  -0.3295   0.0042   0.0000   0.0000  -0.0077  -0.0000  -0.0000  -0.0061  -0.0000  -0.2359  -0.0109
  -0.0505  -0.3295   1.0000  -0.0016   0.0000  -0.0252  -0.0471  -0.0002   0.0044   0.0023   0.0248   0.0893   0.0041
   0.0000   0.0042  -0.0016   1.0000  -0.0000   0.0000  -0.0000   0.0000   0.0000  -0.0004  -0.0000  -0.0008   0.0000
  -0.0007   0.0000   0.0000  -0.0000   1.0000   0.0068  -0.0007  -0.0002   0.0028  -0.0000   0.0001  -0.0000  -0.0000
   0.3609   0.0000  -0.0252   0.0000   0.0068   1.0000   0.3575   0.0091  -0.0783  -0.0000  -0.1452  -0.0000   0.0000
   0.7159  -0.0077  -0.0471  -0.0000  -0.0007   0.3575   1.0000   0.0030  -0.0618   0.0000  -0.3512   0.0020   0.0001
   0.0031  -0.0000  -0.0002   0.0000  -0.0002   0.0091   0.0030   1.0000   0.0014  -0.0000  -0.0017  -0.0000   0.0000
  -0.0624  -0.0000   0.0044   0.0000   0.0028  -0.0783  -0.0618   0.0014   1.0000   0.0000   0.2186   0.0000   0.0000
  -0.0000  -0.0061   0.0023  -0.0004  -0.0000  -0.0000   0.0000  -0.0000   0.0000   1.0000   0.0000   0.2299   0.0012
  -0.3544  -0.0000   0.0248  -0.0000   0.0001  -0.1452  -0.3512  -0.0017   0.2186   0.0000   1.0000   0.0001   0.0000
  -0.0001  -0.2359   0.0893  -0.0008  -0.0000  -0.0000   0.0020  -0.0000   0.0000   0.2299   0.0001   1.0000   0.0019
   0.0000  -0.0109   0.0041   0.0000  -0.0000   0.0000   0.0001   0.0000   0.0000   0.0012   0.0000   0.0019   1.0000
