
  RooFitResult: minimized FCN value: -1.22141e+07, estimated distance to minimum: 0.031796
                covariance matrix quality: Full matrix, but forced positive-definite
                Status : MIGRAD=4 HESSE=0 MINOS=0 

    Constant Parameter    Value     
  --------------------  ------------
              peakFail    9.1188e+01

    Floating Parameter  InitialValue    FinalValue +/-  Error     GblCorr.
  --------------------  ------------  --------------------------  --------
              NbkgFail    9.4780e+02    1.2393e+03 +/-  2.23e+02  <none>
              NbkgPass    5.0000e+01    6.9038e+03 +/-  3.87e+02  <none>
                  Nsig    1.0561e+06    1.3120e+06 +/-  1.06e+03  <none>
                 aPass    0.0000e+00    8.2380e-01 +/-  1.28e-03  <none>
              alfaFail    6.0000e+01    6.8623e+01 +/-  2.42e+01  <none>
              betaFail    5.0000e-02    5.9190e-02 +/-  1.12e-01  <none>
                   eff    8.0000e-01    9.9372e-01 +/-  1.55e-04  <none>
             gammaFail    1.0000e-01    1.8158e-02 +/-  2.26e-02  <none>
              meanFail    0.0000e+00   -2.2966e-01 +/-  8.27e-02  <none>
              meanPass    0.0000e+00   -3.8640e-01 +/-  3.10e-03  <none>
             sigmaFail    2.0000e+00    6.2476e-01 +/-  1.56e-01  <none>
             sigmaPass    2.0000e+00    1.3798e-01 +/-  1.57e-02  <none>
                 tPass   -1.0000e-06   -3.8831e-02 +/-  2.66e-03  <none>


  Correlation Matrix
 --------------------
   1.0000  -0.0017  -0.1707  -0.0000  -0.9499   0.9478   0.9089  -0.9285   0.7840  -0.0001   0.1051   0.0003  -0.0004
  -0.0017   1.0000  -0.2692   0.0000   0.0017  -0.0017  -0.0106   0.0017  -0.0014   0.0480  -0.0002  -0.1506   0.1784
  -0.1707  -0.2692   1.0000  -0.0000   0.1659  -0.1655  -0.1562   0.1621  -0.1369  -0.0136  -0.0183   0.0425  -0.0500
  -0.0000   0.0000  -0.0000   1.0000   0.0000  -0.0000  -0.0000   0.0000  -0.0000  -0.0000  -0.0000  -0.0000  -0.0000
  -0.9499   0.0017   0.1659   0.0000   1.0000  -0.9966  -0.8835   0.9936  -0.8163   0.0001  -0.1641  -0.0003   0.0005
   0.9478  -0.0017  -0.1655  -0.0000  -0.9966   1.0000   0.8816  -0.9906   0.8128  -0.0001   0.1653   0.0003  -0.0005
   0.9089  -0.0106  -0.1562  -0.0000  -0.8835   0.8816   1.0000  -0.8636   0.7292  -0.0005   0.0978   0.0017  -0.0021
  -0.9285   0.0017   0.1621   0.0000   0.9936  -0.9906  -0.8636   1.0000  -0.8018   0.0001  -0.1687  -0.0003   0.0005
   0.7840  -0.0014  -0.1369  -0.0000  -0.8163   0.8128   0.7292  -0.8018   1.0000  -0.0001   0.1030   0.0002  -0.0003
  -0.0001   0.0480  -0.0136  -0.0000   0.0001  -0.0001  -0.0005   0.0001  -0.0001   1.0000  -0.0000  -0.1581  -0.0709
   0.1051  -0.0002  -0.0183  -0.0000  -0.1641   0.1653   0.0978  -0.1687   0.1030  -0.0000   1.0000   0.0000  -0.0001
   0.0003  -0.1506   0.0425  -0.0000  -0.0003   0.0003   0.0017  -0.0003   0.0002  -0.1581   0.0000   1.0000  -0.0587
  -0.0004   0.1784  -0.0500  -0.0000   0.0005  -0.0005  -0.0021   0.0005  -0.0003  -0.0709  -0.0001  -0.0587   1.0000
