
  RooFitResult: minimized FCN value: -3.11581e+06, estimated distance to minimum: 2.39072e-05
                covariance matrix quality: Full, accurate covariance matrix
                Status : MIGRAD=4 HESSE=0 MINOS=0 

    Constant Parameter    Value     
  --------------------  ------------
              peakFail    9.1188e+01

    Floating Parameter  InitialValue    FinalValue (+HiError,-LoError)    GblCorr.
  --------------------  ------------  ----------------------------------  --------
              NbkgFail    1.2290e+02    5.0152e+02         +/-  3.54e+01  <none>
              NbkgPass    5.0000e+01    3.9155e+03         +/-  2.02e+02  <none>
                  Nsig    3.0662e+05    3.7885e+05         +/-  6.43e+02  <none>
                 aPass    0.0000e+00    9.9992e+00         +/-  1.14e+01  <none>
              alfaFail    6.5000e+01    8.5000e+01         +/-  1.52e+00  <none>
              betaFail    5.0000e-02    3.8482e-02         +/-  5.01e-03  <none>
                   eff    8.0000e-01    9.9808e-01 (+9.95e-05,-1.02e-04)  <none>
             gammaFail    1.0000e-01    3.1440e-09         +/-  2.00e-03  <none>
              meanFail    0.0000e+00   -1.0812e-01         +/-  1.84e-01  <none>
              meanPass    0.0000e+00   -7.7373e-02         +/-  5.43e-03  <none>
             sigmaFail    2.0000e+00    7.6453e-01         +/-  2.53e-01  <none>
             sigmaPass    2.0000e+00    2.4331e-01         +/-  2.67e-02  <none>
                 tPass   -1.0000e-06   -9.8391e-10         +/-  2.27e-04  <none>


  Correlation Matrix
 --------------------
   1.0000  -0.0008  -0.0310   0.0000   0.0930   0.1894   0.5506   0.1405  -0.0226  -0.0000  -0.1916   0.0001   0.0001
  -0.0008   1.0000  -0.2732  -0.0101  -0.0001  -0.0003  -0.0097  -0.0002   0.0000   0.0131   0.0002  -0.1002  -0.1326
  -0.0310  -0.2732   1.0000   0.0030  -0.0048  -0.0098  -0.0262  -0.0073   0.0012  -0.0039   0.0101   0.0302   0.0399
   0.0000  -0.0101   0.0030   1.0000   0.0000   0.0000   0.0001   0.0000  -0.0000   0.0004  -0.0000   0.0010  -0.0001
   0.0930  -0.0001  -0.0048   0.0000   1.0000   0.3659   0.0864  -0.1533   0.0336  -0.0000  -0.0310   0.0000   0.0000
   0.1894  -0.0003  -0.0098   0.0000   0.3659   1.0000   0.1760   0.2931  -0.0833  -0.0000  -0.0488   0.0000   0.0000
   0.5506  -0.0097  -0.0262   0.0001   0.0864   0.1760   1.0000   0.1306  -0.0211  -0.0001  -0.1786   0.0011   0.0014
   0.1405  -0.0002  -0.0073   0.0000  -0.1533   0.2931   0.1306   1.0000   0.0187  -0.0000  -0.0440   0.0000   0.0000
  -0.0226   0.0000   0.0012  -0.0000   0.0336  -0.0833  -0.0211   0.0187   1.0000   0.0000  -0.0977  -0.0000  -0.0000
  -0.0000   0.0131  -0.0039   0.0004  -0.0000  -0.0000  -0.0001  -0.0000   0.0000   1.0000   0.0000   0.1313   0.0073
  -0.1916   0.0002   0.0101  -0.0000  -0.0310  -0.0488  -0.1786  -0.0440  -0.0977   0.0000   1.0000  -0.0000  -0.0000
   0.0001  -0.1002   0.0302   0.0010   0.0000   0.0000   0.0011   0.0000  -0.0000   0.1313  -0.0000   1.0000   0.0123
   0.0001  -0.1326   0.0399  -0.0001   0.0000   0.0000   0.0014   0.0000  -0.0000   0.0073  -0.0000   0.0123   1.0000
