
  RooFitResult: minimized FCN value: -569519, estimated distance to minimum: 0.000327514
                covariance matrix quality: Full, accurate covariance matrix
                Status : MIGRAD=0 HESSE=0 

    Constant Parameter    Value     
  --------------------  ------------
              peakFail    9.1188e+01

    Floating Parameter  InitialValue    FinalValue +/-  Error     GblCorr.
  --------------------  ------------  --------------------------  --------
              NbkgFail    3.2210e+02    3.2189e+02 +/-  3.29e+01  <none>
              NbkgPass    3.0741e+03    3.0747e+03 +/-  1.94e+02  <none>
                  Nsig    8.7409e+04    8.7409e+04 +/-  3.50e+02  <none>
                 aPass    9.6080e+00    9.9128e+00 +/-  1.08e+01  <none>
              alfaFail    8.4916e+01    8.4988e+01 +/-  1.41e+00  <none>
              betaFail    9.9158e-02    9.9272e-02 +/-  1.69e-02  <none>
                   eff    9.8449e-01    9.8448e-01 +/-  5.22e-04  <none>
             gammaFail    3.8288e-01    3.8485e-01 +/-  1.21e-01  <none>
              meanFail   -2.0490e+00   -2.0497e+00 +/-  2.05e-01  <none>
              meanPass   -1.3044e+00   -1.3044e+00 +/-  1.69e-02  <none>
             sigmaFail    2.1137e+00    2.1137e+00 +/-  2.74e-01  <none>
             sigmaPass    8.5214e-01    8.5225e-01 +/-  5.76e-02  <none>
                 tPass   -6.2718e-02   -6.2704e-02 +/-  3.95e-03  <none>


  Correlation Matrix
 --------------------
   1.0000  -0.0000  -0.0660  -0.0000   0.1442  -0.4488   0.4994  -0.4633   0.2683  -0.0000  -0.1463   0.0000  -0.0000
  -0.0000   1.0000  -0.5087  -0.0036  -0.0000   0.0000  -0.0606   0.0000  -0.0000   0.0512   0.0000  -0.2638   0.5402
  -0.0660  -0.5087   1.0000   0.0020  -0.0135   0.0421  -0.0133   0.0435  -0.0252  -0.0284   0.0137   0.1461  -0.2992
  -0.0000  -0.0036   0.0020   1.0000  -0.0000   0.0000   0.0002   0.0000  -0.0000  -0.0013   0.0000   0.0008   0.0319
   0.1442  -0.0000  -0.0135  -0.0000   1.0000  -0.5014   0.1024  -0.6330   0.1392  -0.0000  -0.0995   0.0000  -0.0000
  -0.4488   0.0000   0.0421   0.0000  -0.5014   1.0000  -0.3188   0.9774  -0.2916   0.0000   0.1969  -0.0000   0.0000
   0.4994  -0.0606  -0.0133   0.0002   0.1024  -0.3188   1.0000  -0.3291   0.1906  -0.0034  -0.1039   0.0174  -0.0357
  -0.4633   0.0000   0.0435   0.0000  -0.6330   0.9774  -0.3291   1.0000  -0.2970   0.0000   0.2050  -0.0000   0.0000
   0.2683  -0.0000  -0.0252  -0.0000   0.1392  -0.2916   0.1906  -0.2970   1.0000  -0.0000  -0.0801   0.0000  -0.0000
  -0.0000   0.0512  -0.0284  -0.0013  -0.0000   0.0000  -0.0034   0.0000  -0.0000   1.0000   0.0000  -0.1305  -0.0181
  -0.1463   0.0000   0.0137   0.0000  -0.0995   0.1969  -0.1039   0.2050  -0.0801   0.0000   1.0000  -0.0000   0.0000
   0.0000  -0.2638   0.1461   0.0008   0.0000  -0.0000   0.0174  -0.0000   0.0000  -0.1305  -0.0000   1.0000  -0.2287
  -0.0000   0.5402  -0.2992   0.0319  -0.0000   0.0000  -0.0357   0.0000  -0.0000  -0.0181   0.0000  -0.2287   1.0000
