
  RooFitResult: minimized FCN value: -2.10076e+06, estimated distance to minimum: 0.00938856
                covariance matrix quality: Full, accurate covariance matrix
                Status : MIGRAD=4 HESSE=0 MINOS=0 

    Constant Parameter    Value     
  --------------------  ------------
              peakFail    9.1188e+01

    Floating Parameter  InitialValue    FinalValue (+HiError,-LoError)    GblCorr.
  --------------------  ------------  ----------------------------------  --------
              NbkgFail    1.2150e+02    5.9084e+02         +/-  3.65e+01  <none>
              NbkgPass    5.0000e+01    3.3007e+03         +/-  1.85e+02  <none>
                  Nsig    2.1912e+05    2.7002e+05         +/-  5.48e+02  <none>
                 aPass    0.0000e+00    1.6580e+00         +/-  2.53e-03  <none>
              alfaFail    6.5000e+01    8.5000e+01         +/-  7.33e-01  <none>
              betaFail    5.0000e-02    5.2551e-02         +/-  5.85e-03  <none>
                   eff    8.0000e-01    9.9769e-01 (+1.36e-04,-1.46e-04)  <none>
             gammaFail    1.0000e-01    4.6039e-11         +/-  1.17e-03  <none>
              meanFail    0.0000e+00    1.1266e-01         +/-  2.37e-01  <none>
              meanPass    0.0000e+00   -1.9210e-01         +/-  7.82e-03  <none>
             sigmaFail    2.0000e+00    6.7884e-01         +/-  3.75e-01  <none>
             sigmaPass    2.0000e+00    7.8629e-01         +/-  2.53e-02  <none>
                 tPass   -1.0000e-06   -5.3523e-08         +/-  5.79e-04  <none>


  Correlation Matrix
 --------------------
   1.0000  -0.0009  -0.0353  -0.0000   0.1019   0.0940  -0.5433   0.1094   0.0314  -0.0000   0.1846   0.0002   0.0002
  -0.0009   1.0000  -0.2978   0.0000  -0.0002  -0.0001   0.0118  -0.0002  -0.0001   0.0269  -0.0004  -0.1506  -0.2187
  -0.0353  -0.2978   1.0000  -0.0000  -0.0065  -0.0060   0.0313  -0.0070  -0.0020  -0.0088  -0.0120   0.0495   0.0718
  -0.0000   0.0000  -0.0000   1.0000  -0.0000  -0.0000   0.0000  -0.0000  -0.0000  -0.0000  -0.0000  -0.0000   0.0000
   0.1019  -0.0002  -0.0065  -0.0000   1.0000   0.2651  -0.0998  -0.0619   0.0571  -0.0000   0.0496   0.0000   0.0000
   0.0940  -0.0001  -0.0060  -0.0000   0.2651   1.0000  -0.0903   0.1355  -0.2125  -0.0000  -0.1683   0.0000   0.0000
  -0.5433   0.0118   0.0313   0.0000  -0.0998  -0.0903   1.0000  -0.1073  -0.0318   0.0003  -0.1858  -0.0020  -0.0028
   0.1094  -0.0002  -0.0070  -0.0000  -0.0619   0.1355  -0.1073   1.0000   0.0438  -0.0000   0.0472   0.0000   0.0000
   0.0314  -0.0001  -0.0020  -0.0000   0.0571  -0.2125  -0.0318   0.0438   1.0000  -0.0000   0.4896   0.0000   0.0000
  -0.0000   0.0269  -0.0088  -0.0000  -0.0000  -0.0000   0.0003  -0.0000  -0.0000   1.0000  -0.0000   0.0220   0.0162
   0.1846  -0.0004  -0.0120  -0.0000   0.0496  -0.1683  -0.1858   0.0472   0.4896  -0.0000   1.0000   0.0001   0.0001
   0.0002  -0.1506   0.0495  -0.0000   0.0000   0.0000  -0.0020   0.0000   0.0000   0.0220   0.0001   1.0000   0.0249
   0.0002  -0.2187   0.0718   0.0000   0.0000   0.0000  -0.0028   0.0000   0.0000   0.0162   0.0001   0.0249   1.0000
