
  RooFitResult: minimized FCN value: -14783.1, estimated distance to minimum: 4.07452e+06
                covariance matrix quality: Full, accurate covariance matrix
                Status : MIGRAD=4 HESSE=0 

    Constant Parameter    Value     
  --------------------  ------------
              peakFail    9.1188e+01

    Floating Parameter  InitialValue    FinalValue +/-  Error     GblCorr.
  --------------------  ------------  --------------------------  --------
              NbkgFail    1.6269e+01    1.6269e+01 +/-  3.82e+00  <none>
              NbkgPass    1.8108e+02    1.8108e+02 +/-  3.61e+01  <none>
                  Nsig    4.0806e+03    4.0806e+03 +/-  7.28e+01  <none>
                 aPass    4.5564e-08    4.5564e-08 +/-  1.15e-02  <none>
              alfaFail    5.0000e+01    5.0000e+01 +/-  1.52e+01  <none>
              betaFail    2.0000e-01    2.0000e-01 +/-  1.59e-01  <none>
                   eff    9.9933e-01    9.9933e-01 +/-  4.30e-04  <none>
             gammaFail    1.3357e-03    1.3357e-03 +/-  1.43e-02  <none>
              meanFail    6.0011e+00    6.0011e+00 +/-  3.07e-01  <none>
              meanPass    3.6493e-01    3.6493e-01 +/-  6.59e-02  <none>
             sigmaFail    4.5978e-04    4.5978e-04 +/-  2.32e-01  <none>
             sigmaPass    8.9993e-01    8.9993e-01 +/-  1.66e-01  <none>
                 tPass   -3.2187e-03   -3.2187e-03 +/-  1.29e-02  <none>


  Correlation Matrix
 --------------------
   1.0000  -0.0006  -0.0005  -0.0001   0.0000  -0.0000   0.0496  -0.0097   0.0637  -0.0000   0.0392   0.0001  -0.0002
  -0.0006   1.0000  -0.4378   0.1735   0.0000  -0.0000  -0.0135   0.0002  -0.0002  -0.0192  -0.0001  -0.1942   0.2634
  -0.0005  -0.4378   1.0000  -0.0881  -0.0000   0.0000  -0.0049   0.0002  -0.0048   0.0094  -0.0029   0.0986  -0.1336
  -0.0001   0.1735  -0.0881   1.0000   0.0000  -0.0000  -0.0025   0.0000  -0.0000  -0.0230  -0.0000  -0.0283  -0.7464
   0.0000   0.0000  -0.0000   0.0000   1.0000  -0.4884   0.0002   0.0117   0.0002  -0.0000   0.0001  -0.0000   0.0000
  -0.0000  -0.0000   0.0000  -0.0000  -0.4884   1.0000  -0.0000  -0.0003  -0.0000   0.0000  -0.0000   0.0000  -0.0000
   0.0496  -0.0135  -0.0049  -0.0025   0.0002  -0.0000   1.0000  -0.0161   0.1480   0.0000   0.0911   0.0028  -0.0038
  -0.0097   0.0002   0.0002   0.0000   0.0117  -0.0003  -0.0161   1.0000  -0.0219   0.0000  -0.0135  -0.0000   0.0001
   0.0637  -0.0002  -0.0048  -0.0000   0.0002  -0.0000   0.1480  -0.0219   1.0000  -0.0000   0.3407   0.0000  -0.0000
  -0.0000  -0.0192   0.0094  -0.0230  -0.0000   0.0000   0.0000   0.0000  -0.0000   1.0000  -0.0000  -0.0295  -0.0414
   0.0392  -0.0001  -0.0029  -0.0000   0.0001  -0.0000   0.0911  -0.0135   0.3407  -0.0000   1.0000   0.0000  -0.0000
   0.0001  -0.1942   0.0986  -0.0283  -0.0000   0.0000   0.0028  -0.0000   0.0000  -0.0295   0.0000   1.0000  -0.0381
  -0.0002   0.2634  -0.1336  -0.7464   0.0000  -0.0000  -0.0038   0.0001  -0.0000  -0.0414  -0.0000  -0.0381   1.0000
