
  RooFitResult: minimized FCN value: -6.31975e+06, estimated distance to minimum: 0.0823265
                covariance matrix quality: Full matrix, but forced positive-definite
                Status : MIGRAD=4 HESSE=0 MINOS=0 

    Constant Parameter    Value     
  --------------------  ------------
              peakFail    9.1188e+01

    Floating Parameter  InitialValue    FinalValue (+HiError,-LoError)    GblCorr.
  --------------------  ------------  ----------------------------------  --------
              NbkgFail    4.1540e+02    4.3373e+02         +/-  2.18e+01  <none>
              NbkgPass    5.0000e+01    1.1018e+03         +/-  2.01e+03  <none>
                  Nsig    5.8261e+05    7.2672e+05         +/-  2.16e+02  <none>
                 aPass    0.0000e+00    9.9998e+00         +/-  1.01e+01  <none>
              alfaFail    7.5000e+01    6.5748e+01         +/-  9.99e-01  <none>
              betaFail    5.0000e-02    1.6472e-01         +/-  3.55e-02  <none>
                   eff    8.0000e-01    9.9488e-01 (+1.30e-04,-1.02e-04)  <none>
             gammaFail    1.0000e-01    1.1103e-02         +/-  2.39e-03  <none>
              meanFail    0.0000e+00   -9.9697e-01         +/-  5.35e-02  <none>
              meanPass    0.0000e+00   -5.4886e-01         +/-  2.97e-03  <none>
             sigmaFail    2.0000e+00    1.7231e+00         +/-  1.01e-01  <none>
             sigmaPass    2.0000e+00    1.0054e+00         +/-  9.36e-03  <none>
                 tPass   -1.0000e-06   -1.6414e-08         +/-  7.43e-02  <none>


  Correlation Matrix
 --------------------
   1.0000   0.0104  -0.0019  -0.0000  -0.0911  -0.0682   0.1500  -0.1167   0.0252   0.0032  -0.0769   0.0060   0.0104
   0.0104   1.0000  -0.6493  -0.0045  -0.0021  -0.0016   0.1040  -0.0027   0.0006   0.3114  -0.0018   0.5769   0.9987
  -0.0019  -0.6493   1.0000   0.0029   0.0004   0.0003  -0.0659   0.0005  -0.0001  -0.2023   0.0003  -0.3746  -0.6486
  -0.0000  -0.0045   0.0029   1.0000   0.0000   0.0000  -0.0005   0.0000  -0.0000  -0.0012   0.0000  -0.0026  -0.0045
  -0.0911  -0.0021   0.0004   0.0000   1.0000   0.3638  -0.0302  -0.0844  -0.0905  -0.0007   0.0199  -0.0012  -0.0021
  -0.0682  -0.0016   0.0003   0.0000   0.3638   1.0000  -0.0226  -0.0214  -0.0479  -0.0005   0.0127  -0.0009  -0.0016
   0.1500   0.1040  -0.0659  -0.0005  -0.0302  -0.0226   1.0000  -0.0387   0.0084   0.0324  -0.0255   0.0600   0.1039
  -0.1167  -0.0027   0.0005   0.0000  -0.0844  -0.0214  -0.0387   1.0000  -0.0587  -0.0008   0.0083  -0.0015  -0.0027
   0.0252   0.0006  -0.0001  -0.0000  -0.0905  -0.0479   0.0084  -0.0587   1.0000   0.0002  -0.0634   0.0003   0.0006
   0.0032   0.3114  -0.2023  -0.0012  -0.0007  -0.0005   0.0324  -0.0008   0.0002   1.0000  -0.0006   0.1233   0.3115
  -0.0769  -0.0018   0.0003   0.0000   0.0199   0.0127  -0.0255   0.0083  -0.0634  -0.0006   1.0000  -0.0010  -0.0018
   0.0060   0.5769  -0.3746  -0.0026  -0.0012  -0.0009   0.0600  -0.0015   0.0003   0.1233  -0.0010   1.0000   0.5761
   0.0104   0.9987  -0.6486  -0.0045  -0.0021  -0.0016   0.1039  -0.0027   0.0006   0.3115  -0.0018   0.5761   1.0000
