
  RooFitResult: minimized FCN value: -89059.5, estimated distance to minimum: 2.14577e-07
                covariance matrix quality: Full, accurate covariance matrix
                Status : MIGRAD=4 HESSE=0 MINOS=0 

    Constant Parameter    Value     
  --------------------  ------------
              peakFail    9.1188e+01

    Floating Parameter  InitialValue    FinalValue (+HiError,-LoError)    GblCorr.
  --------------------  ------------  ----------------------------------  --------
              NbkgFail    8.4100e+01    3.9814e+02         +/-  3.59e+01  <none>
              NbkgPass    5.0000e+01    1.5537e+03         +/-  1.23e+02  <none>
                  Nsig    1.6001e+04    1.8049e+04         +/-  1.80e+02  <none>
                 aPass    0.0000e+00    8.3724e+00         +/-  1.42e+01  <none>
              alfaFail    6.0000e+01    5.0000e+01         +/-  6.58e+00  <none>
              betaFail    5.0000e-02    2.0000e-01         +/-  4.50e-02  <none>
                   eff    8.0000e-01    9.7546e-01 (+1.98e-03,-2.02e-03)  <none>
             gammaFail    1.0000e-01    3.4973e-02         +/-  3.78e-03  <none>
              meanFail    0.0000e+00   -1.2399e+00         +/-  2.47e-01  <none>
              meanPass    0.0000e+00   -1.1716e+00         +/-  5.16e-02  <none>
             sigmaFail    2.0000e+00    4.7049e-01         +/-  3.13e-01  <none>
             sigmaPass    2.0000e+00    1.6475e+00         +/-  1.28e-01  <none>
                 tPass   -1.0000e-06   -6.3435e-02         +/-  4.88e-03  <none>


  Correlation Matrix
 --------------------
   1.0000  -0.0004  -0.1380  -0.0000   0.0001   0.0002   0.6763   0.0142  -0.0351  -0.0001  -0.1519   0.0002  -0.0003
  -0.0004   1.0000  -0.6108   0.0002  -0.0000  -0.0000  -0.0753   0.0000   0.0000   0.1165   0.0001  -0.4692   0.5936
  -0.1380  -0.6108   1.0000  -0.0001  -0.0000  -0.0000  -0.0838  -0.0029   0.0070  -0.0793   0.0303   0.3194  -0.4040
  -0.0000   0.0002  -0.0001   1.0000  -0.0000  -0.0000  -0.0000   0.0000   0.0000   0.0001   0.0000  -0.0000  -0.0018
   0.0001  -0.0000  -0.0000  -0.0000   1.0000  -0.0006   0.0001   0.0005   0.0002  -0.0000  -0.0002   0.0000  -0.0000
   0.0002  -0.0000  -0.0000  -0.0000  -0.0006   1.0000   0.0002   0.0010   0.0004  -0.0000  -0.0003   0.0000  -0.0000
   0.6763  -0.0753  -0.0838  -0.0000   0.0001   0.0002   1.0000   0.0139  -0.0343  -0.0098  -0.1485   0.0394  -0.0498
   0.0142   0.0000  -0.0029   0.0000   0.0005   0.0010   0.0139   1.0000   0.0785   0.0000   0.0146  -0.0000   0.0000
  -0.0351   0.0000   0.0070   0.0000   0.0002   0.0004  -0.0343   0.0785   1.0000   0.0000   0.2060  -0.0000   0.0000
  -0.0001   0.1165  -0.0793   0.0001  -0.0000  -0.0000  -0.0098   0.0000   0.0000   1.0000   0.0000  -0.1945   0.0397
  -0.1519   0.0001   0.0303   0.0000  -0.0002  -0.0003  -0.1485   0.0146   0.2060   0.0000   1.0000  -0.0000   0.0000
   0.0002  -0.4692   0.3194  -0.0000   0.0000   0.0000   0.0394  -0.0000  -0.0000  -0.1945  -0.0000   1.0000  -0.4525
  -0.0003   0.5936  -0.4040  -0.0018  -0.0000  -0.0000  -0.0498   0.0000   0.0000   0.0397   0.0000  -0.4525   1.0000
