
  RooFitResult: minimized FCN value: -9.02599e+06, estimated distance to minimum: 0.000274361
                covariance matrix quality: Full matrix, but forced positive-definite
                Status : MIGRAD=4 HESSE=0 MINOS=0 

    Constant Parameter    Value     
  --------------------  ------------
              peakFail    9.1188e+01

    Floating Parameter  InitialValue    FinalValue (+HiError,-LoError)    GblCorr.
  --------------------  ------------  ----------------------------------  --------
              NbkgFail    4.8410e+02    7.6081e+02         +/-  2.41e+01  <none>
              NbkgPass    5.0000e+01    1.5531e+03         +/-  2.55e+03  <none>
                  Nsig    7.9812e+05    9.9533e+05         +/-  8.60e+02  <none>
                 aPass    0.0000e+00    1.0000e+01         +/-  1.95e+01  <none>
              alfaFail    6.5000e+01    7.4870e+01         +/-  7.12e-01  <none>
              betaFail    5.0000e-02    6.1607e-02         +/-  3.68e-03  <none>
                   eff    8.0000e-01    9.9590e-01 (+9.98e-05,-9.18e-05)  <none>
             gammaFail    1.0000e-01    2.7723e-02         +/-  1.66e-03  <none>
              meanFail    0.0000e+00   -9.8554e-02         +/-  3.61e-02  <none>
              meanPass    0.0000e+00   -3.5105e-01         +/-  2.06e-03  <none>
             sigmaFail    2.0000e+00    6.7542e-01         +/-  1.03e-01  <none>
             sigmaPass    2.0000e+00    3.3984e-01         +/-  2.57e-02  <none>
                 tPass   -1.0000e-06   -2.0673e-07         +/-  5.53e-02  <none>


  Correlation Matrix
 --------------------
   1.0000  -0.0019  -0.0033  -0.0001  -0.0153   0.0852   0.1343   0.0634   0.0085   0.0005  -0.0469   0.0011   0.0019
  -0.0019   1.0000  -0.8038   0.0564  -0.0003   0.0031  -0.0917   0.0017  -0.0001  -0.2469   0.0003  -0.5783  -0.9987
  -0.0033  -0.8038   1.0000  -0.0453   0.0005  -0.0037   0.0718  -0.0023  -0.0000   0.1985   0.0004   0.4650   0.8030
  -0.0001   0.0564  -0.0453   1.0000  -0.0000   0.0002  -0.0052   0.0001  -0.0000  -0.0135   0.0000  -0.0327  -0.0564
  -0.0153  -0.0003   0.0005  -0.0000   1.0000  -0.2246  -0.0059   0.1984  -0.0429   0.0001  -0.0003   0.0001   0.0003
   0.0852   0.0031  -0.0037   0.0002  -0.2246   1.0000   0.0330   0.0874   0.0068  -0.0008  -0.0030  -0.0015  -0.0031
   0.1343  -0.0917   0.0718  -0.0052  -0.0059   0.0330   1.0000   0.0246   0.0033   0.0226  -0.0184   0.0530   0.0916
   0.0634   0.0017  -0.0023   0.0001   0.1984   0.0874   0.0246   1.0000   0.0393  -0.0004  -0.0027  -0.0010  -0.0017
   0.0085  -0.0001  -0.0000  -0.0000  -0.0429   0.0068   0.0033   0.0393   1.0000   0.0000  -0.0198   0.0000   0.0001
   0.0005  -0.2469   0.1985  -0.0135   0.0001  -0.0008   0.0226  -0.0004   0.0000   1.0000  -0.0001   0.1128   0.2470
  -0.0469   0.0003   0.0004   0.0000  -0.0003  -0.0030  -0.0184  -0.0027  -0.0198  -0.0001   1.0000  -0.0002  -0.0003
   0.0011  -0.5783   0.4650  -0.0327   0.0001  -0.0015   0.0530  -0.0010   0.0000   0.1128  -0.0002   1.0000   0.5775
   0.0019  -0.9987   0.8030  -0.0564   0.0003  -0.0031   0.0916  -0.0017   0.0001   0.2470  -0.0003   0.5775   1.0000
