
  RooFitResult: minimized FCN value: -4.09063e+06, estimated distance to minimum: 0.10062
                covariance matrix quality: Full matrix, but forced positive-definite
                Status : MIGRAD=4 HESSE=0 MINOS=0 

    Constant Parameter    Value     
  --------------------  ------------
              peakFail    9.1188e+01

    Floating Parameter  InitialValue    FinalValue +/-  Error     GblCorr.
  --------------------  ------------  --------------------------  --------
              NbkgFail    7.4900e+01    2.2550e+02 +/-  4.26e+01  <none>
              NbkgPass    5.0000e+01    1.2064e+03 +/-  1.02e+02  <none>
                  Nsig    3.8891e+05    4.8471e+05 +/-  5.47e+02  <none>
                 aPass    0.0000e+00    1.3964e-01 +/-  2.85e-01  <none>
              alfaFail    6.5000e+01    8.0915e+01 +/-  3.00e+01  <none>
              betaFail    5.0000e-02    5.0354e-02 +/-  1.14e-02  <none>
                   eff    8.0000e-01    9.9892e-01 +/-  8.54e-05  <none>
             gammaFail    1.0000e-01    8.1596e-03 +/-  1.24e-01  <none>
              meanFail    0.0000e+00   -1.0715e+00 +/-  2.46e-01  <none>
              meanPass    0.0000e+00   -4.3518e-01 +/-  4.81e-03  <none>
             sigmaFail    2.0000e+00    1.7452e+00 +/-  4.19e-01  <none>
             sigmaPass    2.0000e+00    9.5810e-01 +/-  1.51e-02  <none>
                 tPass   -1.0000e-06   -6.6430e-04 +/-  2.01e-03  <none>


  Correlation Matrix
 --------------------
   1.0000  -0.0027  -0.0464  -0.0004  -0.9028  -0.5223   0.8477   0.9092   0.2377  -0.0000  -0.3587   0.0003   0.0001
  -0.0027   1.0000  -0.0897   0.1314   0.0027   0.0015  -0.0042  -0.0027  -0.0007   0.0043   0.0011  -0.0844  -0.0387
  -0.0464  -0.0897   1.0000  -0.0131   0.0463   0.0268  -0.0433  -0.0466  -0.0122  -0.0004   0.0185   0.0085   0.0039
  -0.0004   0.1314  -0.0131   1.0000   0.0004   0.0002  -0.0006  -0.0004  -0.0001  -0.0148   0.0002  -0.0078   0.0252
  -0.9028   0.0027   0.0463   0.0004   1.0000   0.6601  -0.8460  -0.9968  -0.2370   0.0000   0.3181  -0.0003  -0.0001
  -0.5223   0.0015   0.0268   0.0002   0.6601   1.0000  -0.4897  -0.6273  -0.0892   0.0000   0.2367  -0.0001  -0.0001
   0.8477  -0.0042  -0.0433  -0.0006  -0.8460  -0.4897   1.0000   0.8520   0.2226  -0.0000  -0.3371   0.0004   0.0002
   0.9092  -0.0027  -0.0466  -0.0004  -0.9968  -0.6273   0.8520   1.0000   0.2540  -0.0000  -0.3222   0.0003   0.0001
   0.2377  -0.0007  -0.0122  -0.0001  -0.2370  -0.0892   0.2226   0.2540   1.0000  -0.0000  -0.1593   0.0001   0.0000
  -0.0000   0.0043  -0.0004  -0.0148   0.0000   0.0000  -0.0000  -0.0000  -0.0000   1.0000   0.0000  -0.0583   0.0060
  -0.3587   0.0011   0.0185   0.0002   0.3181   0.2367  -0.3371  -0.3222  -0.1593   0.0000   1.0000  -0.0001  -0.0000
   0.0003  -0.0844   0.0085  -0.0078  -0.0003  -0.0001   0.0004   0.0003   0.0001  -0.0583  -0.0001   1.0000   0.0018
   0.0001  -0.0387   0.0039   0.0252  -0.0001  -0.0001   0.0002   0.0001   0.0000   0.0060  -0.0000   0.0018   1.0000
