
  RooFitResult: minimized FCN value: -3.93068e+06, estimated distance to minimum: 0.0143455
                covariance matrix quality: Full, accurate covariance matrix
                Status : MIGRAD=4 HESSE=0 MINOS=0 

    Constant Parameter    Value     
  --------------------  ------------
              peakFail    9.1188e+01

    Floating Parameter  InitialValue    FinalValue +/-  Error     GblCorr.
  --------------------  ------------  --------------------------  --------
              NbkgFail    1.2380e+02    3.2571e+02 +/-  3.96e+01  <none>
              NbkgPass    5.0000e+01    1.7906e+03 +/-  1.60e+02  <none>
                  Nsig    3.7770e+05    4.7002e+05 +/-  6.96e+02  <none>
                 aPass    0.0000e+00    1.6169e+00 +/-  1.48e-03  <none>
              alfaFail    7.5000e+01    7.6966e+01 +/-  2.48e+00  <none>
              betaFail    5.0000e-02    9.6079e-02 +/-  1.83e-02  <none>
                   eff    8.0000e-01    9.9806e-01 +/-  9.90e-05  <none>
             gammaFail    1.0000e-01    5.6470e-07 +/-  9.66e-03  <none>
              meanFail    0.0000e+00   -1.1032e+00 +/-  2.25e-01  <none>
              meanPass    0.0000e+00   -5.4795e-01 +/-  6.35e-03  <none>
             sigmaFail    2.0000e+00    1.0563e+00 +/-  3.72e-01  <none>
             sigmaPass    2.0000e+00    8.9200e-01 +/-  2.15e-02  <none>
                 tPass   -1.0000e-06   -1.2255e-07 +/-  9.67e-04  <none>


  Correlation Matrix
 --------------------
   1.0000   0.0021  -0.0389  -0.0000  -0.5053  -0.2083   0.6779   0.5541   0.0884  -0.0000  -0.3236   0.0003   0.0006
   0.0021   1.0000   0.1842  -0.0000  -0.0014  -0.0006   0.0078   0.0015   0.0002  -0.0103  -0.0009   0.1437   0.2691
  -0.0389   0.1842   1.0000  -0.0000   0.0248   0.0103  -0.0323  -0.0272  -0.0043  -0.0020   0.0161   0.0285   0.0537
  -0.0000  -0.0000  -0.0000   1.0000   0.0000   0.0000  -0.0000  -0.0000  -0.0000  -0.0000   0.0000  -0.0000   0.0000
  -0.5053  -0.0014   0.0248   0.0000   1.0000  -0.2557  -0.4333  -0.7517   0.0568   0.0000   0.1207  -0.0002  -0.0004
  -0.2083  -0.0006   0.0103   0.0000  -0.2557   1.0000  -0.1789  -0.1008  -0.2461   0.0000   0.1586  -0.0001  -0.0002
   0.6779   0.0078  -0.0323  -0.0000  -0.4333  -0.1789   1.0000   0.4751   0.0757  -0.0001  -0.2789   0.0012   0.0023
   0.5541   0.0015  -0.0272  -0.0000  -0.7517  -0.1008   0.4751   1.0000   0.1701  -0.0000  -0.2034   0.0002   0.0004
   0.0884   0.0002  -0.0043  -0.0000   0.0568  -0.2461   0.0757   0.1701   1.0000  -0.0000  -0.1178   0.0000   0.0001
  -0.0000  -0.0103  -0.0020  -0.0000   0.0000   0.0000  -0.0001  -0.0000  -0.0000   1.0000   0.0000  -0.0275   0.0292
  -0.3236  -0.0009   0.0161   0.0000   0.1207   0.1586  -0.2789  -0.2034  -0.1178   0.0000   1.0000  -0.0001  -0.0003
   0.0003   0.1437   0.0285  -0.0000  -0.0002  -0.0001   0.0012   0.0002   0.0000  -0.0275  -0.0001   1.0000   0.0305
   0.0006   0.2691   0.0537   0.0000  -0.0004  -0.0002   0.0023   0.0004   0.0001   0.0292  -0.0003   0.0305   1.0000
