
  RooFitResult: minimized FCN value: -8.37472e+06, estimated distance to minimum: 0.16796
                covariance matrix quality: Full matrix, but forced positive-definite
                Status : MIGRAD=4 HESSE=0 

    Constant Parameter    Value     
  --------------------  ------------
              peakFail    9.1188e+01

    Floating Parameter  InitialValue    FinalValue +/-  Error     GblCorr.
  --------------------  ------------  --------------------------  --------
              NbkgFail    9.5834e+02    1.0978e+03 +/-  2.22e+02  <none>
              NbkgPass    5.0176e+03    5.0747e+03 +/-  3.87e+02  <none>
                  Nsig    9.4072e+05    9.4044e+05 +/-  9.55e+02  <none>
                 aPass    5.9029e-01    5.9332e-01 +/-  1.71e+00  <none>
              alfaFail    5.7973e+01    6.3539e+01 +/-  2.13e+01  <none>
              betaFail    5.4856e-02    1.1956e-01 +/-  1.40e-01  <none>
                   eff    9.9283e-01    9.9295e-01 +/-  2.24e-04  <none>
             gammaFail    2.5205e-02    2.9379e-02 +/-  3.17e-02  <none>
              meanFail   -8.5581e-01   -8.1645e-01 +/-  7.32e-02  <none>
              meanPass   -5.6751e-01   -5.6730e-01 +/-  4.41e-03  <none>
             sigmaFail    1.5934e+00    1.5385e+00 +/-  2.14e-01  <none>
             sigmaPass    1.0419e+00    1.0417e+00 +/-  1.17e-02  <none>
                 tPass   -2.7678e-02   -2.8028e-02 +/-  2.86e-03  <none>


  Correlation Matrix
 --------------------
   1.0000  -0.0144  -0.1776  -0.0006   0.9494  -0.9480   0.9245   0.9510   0.1010  -0.0014  -0.7484   0.0024   0.0070
  -0.0144   1.0000  -0.3104   0.0433  -0.0140   0.0140  -0.0246  -0.0140  -0.0015   0.0933   0.0110  -0.1611  -0.4735
  -0.1776  -0.3104   1.0000  -0.0139  -0.1720   0.1717  -0.1642  -0.1723  -0.0184  -0.0299   0.1358   0.0517   0.1514
  -0.0006   0.0433  -0.0139   1.0000  -0.0006   0.0006  -0.0011  -0.0006  -0.0001   0.0009   0.0005  -0.0087  -0.1659
   0.9494  -0.0140  -0.1720  -0.0006   1.0000  -0.9966   0.8956   0.9964   0.0643  -0.0013  -0.7298   0.0023   0.0068
  -0.9480   0.0140   0.1717   0.0006  -0.9966   1.0000  -0.8943  -0.9941  -0.0649   0.0013   0.7307  -0.0023  -0.0068
   0.9245  -0.0246  -0.1642  -0.0011   0.8956  -0.8943   1.0000   0.8972   0.0959  -0.0024  -0.7069   0.0041   0.0120
   0.9510  -0.0140  -0.1723  -0.0006   0.9964  -0.9941   0.8972   1.0000   0.0805  -0.0013  -0.7257   0.0023   0.0068
   0.1010  -0.0015  -0.0184  -0.0001   0.0643  -0.0649   0.0959   0.0805   1.0000  -0.0001  -0.1769   0.0002   0.0007
  -0.0014   0.0933  -0.0299   0.0009  -0.0013   0.0013  -0.0024  -0.0013  -0.0001   1.0000   0.0011  -0.2235  -0.1202
  -0.7484   0.0110   0.1358   0.0005  -0.7298   0.7307  -0.7069  -0.7257  -0.1769   0.0011   1.0000  -0.0018  -0.0054
   0.0024  -0.1611   0.0517  -0.0087   0.0023  -0.0023   0.0041   0.0023   0.0002  -0.2235  -0.0018   1.0000   0.0611
   0.0070  -0.4735   0.1514  -0.1659   0.0068  -0.0068   0.0120   0.0068   0.0007  -0.1202  -0.0054   0.0611   1.0000
