
  RooFitResult: minimized FCN value: -389036, estimated distance to minimum: 6.42042
                covariance matrix quality: Full matrix, but forced positive-definite
                Status : MIGRAD=4 HESSE=0 MINOS=0 

    Constant Parameter    Value     
  --------------------  ------------
              peakFail    9.1188e+01

    Floating Parameter  InitialValue    FinalValue +/-  Error     GblCorr.
  --------------------  ------------  --------------------------  --------
              NbkgFail    1.6910e+02    7.0707e+00 +/-  1.56e+01  <none>
              NbkgPass    5.0000e+01    3.0012e+02 +/-  3.23e+01  <none>
                  Nsig    5.0598e+04    6.2986e+04 +/-  1.48e+02  <none>
                 aPass    0.0000e+00    1.7127e+00 +/-  1.48e-03  <none>
              alfaFail    6.1000e+01    7.2664e+01 +/-  9.77e+00  <none>
              betaFail    5.0000e-02    1.9839e-01 +/-  1.89e-01  <none>
                   eff    8.0000e-01    9.7326e-01 +/-  3.87e-04  <none>
             gammaFail    1.0000e-01    5.3376e-01 +/-  6.71e-01  <none>
              meanFail    0.0000e+00    3.3919e-01 +/-  2.14e-01  <none>
              meanPass    0.0000e+00   -1.1989e-01 +/-  1.07e-02  <none>
             sigmaFail    2.0000e+00    1.5915e+00 +/-  2.22e-01  <none>
             sigmaPass    2.0000e+00    1.2361e+00 +/-  2.85e-02  <none>
                 tPass   -1.0000e-06   -8.8956e-09 +/-  3.85e-04  <none>


  Correlation Matrix
 --------------------
   1.0000   0.0014  -0.0725  -0.0000  -0.9738   0.9855  -0.3571   0.9819  -0.8520   0.0000   0.7720   0.0001   0.0000
   0.0014   1.0000  -0.0747  -0.0000  -0.0013   0.0014   0.0095   0.0014  -0.0012   0.0036   0.0011   0.0519   0.0144
  -0.0725  -0.0747   1.0000   0.0000   0.0718  -0.0727   0.0253  -0.0724   0.0628  -0.0004  -0.0569  -0.0051  -0.0014
  -0.0000  -0.0000   0.0000   1.0000   0.0000  -0.0000  -0.0000  -0.0000   0.0000  -0.0000  -0.0000  -0.0000   0.0000
  -0.9738  -0.0013   0.0718   0.0000   1.0000  -0.9911   0.3539  -0.9840   0.8474  -0.0000  -0.7666  -0.0001  -0.0000
   0.9855   0.0014  -0.0727  -0.0000  -0.9911   1.0000  -0.3581   0.9965  -0.8573   0.0000   0.7748   0.0001   0.0000
  -0.3571   0.0095   0.0253  -0.0000   0.3539  -0.3581   1.0000  -0.3568   0.3095   0.0000  -0.2803   0.0007   0.0002
   0.9819   0.0014  -0.0724  -0.0000  -0.9840   0.9965  -0.3568   1.0000  -0.8542   0.0000   0.7733   0.0001   0.0000
  -0.8520  -0.0012   0.0628   0.0000   0.8474  -0.8573   0.3095  -0.8542   1.0000  -0.0000  -0.6767  -0.0001  -0.0000
   0.0000   0.0036  -0.0004  -0.0000  -0.0000   0.0000   0.0000   0.0000  -0.0000   1.0000   0.0000  -0.0298   0.0026
   0.7720   0.0011  -0.0569  -0.0000  -0.7666   0.7748  -0.2803   0.7733  -0.6767   0.0000   1.0000   0.0001   0.0000
   0.0001   0.0519  -0.0051  -0.0000  -0.0001   0.0001   0.0007   0.0001  -0.0001  -0.0298   0.0001   1.0000  -0.0000
   0.0000   0.0144  -0.0014   0.0000  -0.0000   0.0000   0.0002   0.0000  -0.0000   0.0026   0.0000  -0.0000   1.0000
