
  RooFitResult: minimized FCN value: -2.74599e+06, estimated distance to minimum: 0.00330349
                covariance matrix quality: Full, accurate covariance matrix
                Status : MIGRAD=4 HESSE=0 MINOS=0 

    Constant Parameter    Value     
  --------------------  ------------
              peakFail    9.1188e+01

    Floating Parameter  InitialValue    FinalValue (+HiError,-LoError)    GblCorr.
  --------------------  ------------  ----------------------------------  --------
              NbkgFail    3.3810e+02    7.5029e+02         +/-  6.03e+01  <none>
              NbkgPass    5.0000e+01    4.0091e+03         +/-  2.85e+02  <none>
                  Nsig    2.8187e+05    3.4758e+05         +/-  6.53e+02  <none>
                 aPass    0.0000e+00    1.0000e+01         +/-  1.19e+01  <none>
              alfaFail    6.0000e+01    6.2971e+01         +/-  1.33e+00  <none>
              betaFail    5.0000e-02    1.2973e-01         +/-  3.48e-02  <none>
                   eff    8.0000e-01    9.9243e-01 (+2.08e-04,-2.10e-04)  <none>
             gammaFail    1.0000e-01    5.2529e-02         +/-  5.99e-03  <none>
              meanFail    0.0000e+00   -1.7125e+00         +/-  1.31e-01  <none>
              meanPass    0.0000e+00   -9.5435e-01         +/-  8.15e-03  <none>
             sigmaFail    2.0000e+00    1.0022e+00         +/-  2.90e-01  <none>
             sigmaPass    2.0000e+00    8.5509e-01         +/-  2.77e-02  <none>
                 tPass   -1.0000e-06   -4.8440e-02         +/-  3.34e-03  <none>


  Correlation Matrix
 --------------------
   1.0000   0.0002  -0.0812  -0.0000   0.1984   0.1625   0.6427  -0.2098   0.1199   0.0000  -0.3651  -0.0001   0.0001
   0.0002   1.0000  -0.4110  -0.0030   0.0002  -0.0032  -0.0275  -0.0003   0.0005   0.0697  -0.0000  -0.2080   0.4360
  -0.0812  -0.4110   1.0000   0.0013  -0.0506  -0.0259  -0.0552  -0.0009  -0.0168  -0.0302   0.0345   0.0900  -0.1889
  -0.0000  -0.0030   0.0013   1.0000  -0.0002  -0.0000   0.0000  -0.0001  -0.0000  -0.0006   0.0000   0.0006   0.0161
   0.1984   0.0002  -0.0506  -0.0002   1.0000   0.2963   0.1588   0.6387   0.1512   0.0000  -0.0011  -0.0002   0.0001
   0.1625  -0.0032  -0.0259  -0.0000   0.2963   1.0000   0.1311   0.2395   0.0654  -0.0002  -0.0667   0.0006  -0.0014
   0.6427  -0.0275  -0.0552   0.0000   0.1588   0.1311   1.0000  -0.1713   0.0968  -0.0020  -0.2959   0.0060  -0.0126
  -0.2098  -0.0003  -0.0009  -0.0001   0.6387   0.2395  -0.1713   1.0000   0.1879  -0.0000   0.2386  -0.0000  -0.0002
   0.1199   0.0005  -0.0168  -0.0000   0.1512   0.0654   0.0968   0.1879   1.0000   0.0000  -0.1103  -0.0001   0.0002
   0.0000   0.0697  -0.0302  -0.0006   0.0000  -0.0002  -0.0020  -0.0000   0.0000   1.0000  -0.0000  -0.1786  -0.0641
  -0.3651  -0.0000   0.0345   0.0000  -0.0011  -0.0667  -0.2959   0.2386  -0.1103  -0.0000   1.0000   0.0000  -0.0000
  -0.0001  -0.2080   0.0900   0.0006  -0.0002   0.0006   0.0060  -0.0000  -0.0001  -0.1786   0.0000   1.0000  -0.1267
   0.0001   0.4360  -0.1889   0.0161   0.0001  -0.0014  -0.0126  -0.0002   0.0002  -0.0641  -0.0000  -0.1267   1.0000
