
  RooFitResult: minimized FCN value: -9.7975e+06, estimated distance to minimum: 1.56374
                covariance matrix quality: Full matrix, but forced positive-definite
                Status : MIGRAD=4 HESSE=0 MINOS=0 

    Constant Parameter    Value     
  --------------------  ------------
              peakFail    9.1188e+01

    Floating Parameter  InitialValue    FinalValue +/-  Error     GblCorr.
  --------------------  ------------  --------------------------  --------
              NbkgFail    3.1570e+02    6.6944e+02 +/-  3.79e+01  <none>
              NbkgPass    5.0000e+01    3.4024e+03 +/-  3.24e+03  <none>
                  Nsig    8.5169e+05    1.0606e+06 +/-  2.51e+03  <none>
                 aPass    0.0000e+00    2.7558e-01 +/-  2.67e-04  <none>
              alfaFail    6.0000e+01    7.9999e+01 +/-  1.43e+00  <none>
              betaFail    5.0000e-02    4.8368e-02 +/-  6.70e-03  <none>
                   eff    8.0000e-01    9.9765e-01 +/-  5.04e-05  <none>
             gammaFail    1.0000e-01    1.1284e-07 +/-  1.33e-03  <none>
              meanFail    0.0000e+00   -5.1436e-01 +/-  8.64e-02  <none>
              meanPass    0.0000e+00   -3.0311e-01 +/-  4.77e-03  <none>
             sigmaFail    2.0000e+00    8.5805e-01 +/-  1.85e-01  <none>
             sigmaPass    2.0000e+00    8.4142e-01 +/-  1.61e-02  <none>
                 tPass   -1.0000e-06   -3.6126e-04 +/-  1.37e-01  <none>


  Correlation Matrix
 --------------------
   1.0000  -0.0186   0.0107   0.0000   0.1014   0.2682   0.3850   0.2120  -0.0094   0.0130  -0.1843   0.0141   0.0186
  -0.0186   1.0000  -0.9293  -0.0005  -0.0033  -0.0088  -0.1340  -0.0069   0.0003  -0.6973   0.0060  -0.7578  -0.9981
   0.0107  -0.9293   1.0000   0.0005   0.0019   0.0051   0.1201   0.0040  -0.0002   0.6481  -0.0034   0.7044   0.9278
   0.0000  -0.0005   0.0005   1.0000   0.0000   0.0000   0.0001   0.0000  -0.0000   0.0004  -0.0000   0.0004   0.0005
   0.1014  -0.0033   0.0019   0.0000   1.0000   0.4400   0.0675  -0.3839   0.0680   0.0023  -0.0207   0.0025   0.0033
   0.2682  -0.0088   0.0051   0.0000   0.4400   1.0000   0.1784   0.1459  -0.0114   0.0061  -0.0035   0.0067   0.0088
   0.3850  -0.1340   0.1201   0.0001   0.0675   0.1784   1.0000   0.1416  -0.0066   0.0935  -0.1246   0.1016   0.1338
   0.2120  -0.0069   0.0040   0.0000  -0.3839   0.1459   0.1416   1.0000   0.0538   0.0048  -0.0642   0.0053   0.0069
  -0.0094   0.0003  -0.0002  -0.0000   0.0680  -0.0114  -0.0066   0.0538   1.0000  -0.0002  -0.0197  -0.0002  -0.0003
   0.0130  -0.6973   0.6481   0.0004   0.0023   0.0061   0.0935   0.0048  -0.0002   1.0000  -0.0042   0.5028   0.6994
  -0.1843   0.0060  -0.0034  -0.0000  -0.0207  -0.0035  -0.1246  -0.0642  -0.0197  -0.0042   1.0000  -0.0045  -0.0060
   0.0141  -0.7578   0.7044   0.0004   0.0025   0.0067   0.1016   0.0053  -0.0002   0.5028  -0.0045   1.0000   0.7554
   0.0186  -0.9981   0.9278   0.0005   0.0033   0.0088   0.1338   0.0069  -0.0003   0.6994  -0.0060   0.7554   1.0000
