
  RooFitResult: minimized FCN value: -9.7975e+06, estimated distance to minimum: 0.0204125
                covariance matrix quality: Full, accurate covariance matrix
                Status : MIGRAD=4 HESSE=0 MINOS=0 

    Constant Parameter    Value     
  --------------------  ------------
              peakFail    9.1188e+01

    Floating Parameter  InitialValue    FinalValue (+HiError,-LoError)    GblCorr.
  --------------------  ------------  ----------------------------------  --------
              NbkgFail    3.1570e+02    6.6877e+02         +/-  4.61e+01  <none>
              NbkgPass    5.0000e+01    3.4481e+03         +/-  2.41e+02  <none>
                  Nsig    8.5169e+05    1.0605e+06         +/-  1.04e+03  <none>
                 aPass    0.0000e+00    3.5286e+00         +/-  1.85e-03  <none>
              alfaFail    7.5000e+01    8.0000e+01         +/-  1.96e+00  <none>
              betaFail    5.0000e-02    4.8073e-02         +/-  8.17e-03  <none>
                   eff    8.0000e-01    9.9765e-01 (+5.64e-05,-5.73e-05)  <none>
             gammaFail    1.0000e-01    2.5645e-07         +/-  1.56e-03  <none>
              meanFail    0.0000e+00   -5.1450e-01         +/-  9.56e-02  <none>
              meanPass    0.0000e+00   -3.0315e-01         +/-  3.76e-03  <none>
             sigmaFail    2.0000e+00    8.5680e-01         +/-  2.08e-01  <none>
             sigmaPass    2.0000e+00    8.4146e-01         +/-  1.17e-02  <none>
                 tPass   -1.0000e-06   -3.1105e-04         +/-  1.04e-03  <none>


  Correlation Matrix
 --------------------
   1.0000  -0.0019  -0.0251  -0.0000   0.1265   0.3905   0.5048   0.3105  -0.0057  -0.0000  -0.2486   0.0002   0.0007
  -0.0019   1.0000  -0.1890   0.0000  -0.0003  -0.0011  -0.0099  -0.0009   0.0000   0.0084   0.0007  -0.1223  -0.3768
  -0.0251  -0.1890   1.0000  -0.0000  -0.0046  -0.0142  -0.0169  -0.0113   0.0002  -0.0017   0.0092   0.0245   0.0752
  -0.0000   0.0000  -0.0000   1.0000  -0.0000  -0.0000  -0.0000  -0.0000   0.0000  -0.0000   0.0000  -0.0000   0.0000
   0.1265  -0.0003  -0.0046  -0.0000   1.0000   0.4490   0.0931  -0.3987   0.0587  -0.0000  -0.0261   0.0000   0.0001
   0.3905  -0.0011  -0.0142  -0.0000   0.4490   1.0000   0.2874   0.2550  -0.0074  -0.0000  -0.0470   0.0001   0.0004
   0.5048  -0.0099  -0.0169  -0.0000   0.0931   0.2874   1.0000   0.2290  -0.0046  -0.0001  -0.1852   0.0013   0.0039
   0.3105  -0.0009  -0.0113  -0.0000  -0.3987   0.2550   0.2290   1.0000   0.0684  -0.0000  -0.1029   0.0001   0.0003
  -0.0057   0.0000   0.0002   0.0000   0.0587  -0.0074  -0.0046   0.0684   1.0000   0.0000  -0.0245  -0.0000  -0.0000
  -0.0000   0.0084  -0.0017  -0.0000  -0.0000  -0.0000  -0.0001  -0.0000   0.0000   1.0000   0.0000  -0.0655   0.0312
  -0.2486   0.0007   0.0092   0.0000  -0.0261  -0.0470  -0.1852  -0.1029  -0.0245   0.0000   1.0000  -0.0001  -0.0003
   0.0002  -0.1223   0.0245  -0.0000   0.0000   0.0001   0.0013   0.0001  -0.0000  -0.0655  -0.0001   1.0000   0.0337
   0.0007  -0.3768   0.0752   0.0000   0.0001   0.0004   0.0039   0.0003  -0.0000   0.0312  -0.0003   0.0337   1.0000
