
  RooFitResult: minimized FCN value: -3.36824e+06, estimated distance to minimum: 0.114532
                covariance matrix quality: Full matrix, but forced positive-definite
                Status : MIGRAD=4 HESSE=0 MINOS=0 

    Constant Parameter    Value     
  --------------------  ------------
              peakFail    9.1188e+01

    Floating Parameter  InitialValue    FinalValue (+HiError,-LoError)    GblCorr.
  --------------------  ------------  ----------------------------------  --------
              NbkgFail    3.2500e+02    8.7866e+02         +/-  9.60e+01  <none>
              NbkgPass    5.0000e+01    4.0902e+03         +/-  2.97e+02  <none>
                  Nsig    3.3983e+05    4.1982e+05         +/-  6.66e+02  <none>
                 aPass    0.0000e+00    3.4513e+00         +/-  1.66e+01  <none>
              alfaFail    6.0000e+01    6.6665e+01         +/-  2.32e+01  <none>
              betaFail    5.0000e-02    6.7432e-02         +/-  1.34e-01  <none>
                   eff    8.0000e-01    9.9435e-01 (+2.57e-04,-2.07e-04)  <none>
             gammaFail    1.0000e-01    4.6968e-02         +/-  3.18e-02  <none>
              meanFail    0.0000e+00   -9.4438e-01         +/-  1.71e-01  <none>
              meanPass    0.0000e+00   -7.3395e-01         +/-  7.77e-03  <none>
             sigmaFail    2.0000e+00    1.2888e+00         +/-  2.91e-01  <none>
             sigmaPass    2.0000e+00    1.1219e+00         +/-  2.27e-02  <none>
                 tPass   -1.0000e-06   -4.3082e-02         +/-  3.02e-03  <none>


  Correlation Matrix
 --------------------
   1.0000  -0.0063  -0.1130  -0.0001   0.7872  -0.7734   0.8412   0.7794  -0.2711  -0.0005  -0.3056   0.0014   0.0019
  -0.0063   1.0000  -0.3701   0.0093  -0.0056   0.0055  -0.0208  -0.0055   0.0019   0.0749   0.0021  -0.2155  -0.2909
  -0.1130  -0.3701   1.0000  -0.0036  -0.0974   0.0957  -0.0988  -0.0964   0.0333  -0.0290   0.0382   0.0835   0.1124
  -0.0001   0.0093  -0.0036   1.0000  -0.0001   0.0001  -0.0002  -0.0001   0.0000   0.0006   0.0000  -0.0023   0.0680
   0.7872  -0.0056  -0.0974  -0.0001   1.0000  -0.9942   0.7272   0.9954  -0.4302  -0.0004  -0.1755   0.0013   0.0017
  -0.7734   0.0055   0.0957   0.0001  -0.9942   1.0000  -0.7145  -0.9879   0.4385   0.0004   0.1772  -0.0012  -0.0017
   0.8412  -0.0208  -0.0988  -0.0002   0.7272  -0.7145   1.0000   0.7200  -0.2497  -0.0016  -0.2840   0.0047   0.0063
   0.7794  -0.0055  -0.0964  -0.0001   0.9954  -0.9879   0.7200   1.0000  -0.4095  -0.0004  -0.1615   0.0012   0.0017
  -0.2711   0.0019   0.0333   0.0000  -0.4302   0.4385  -0.2497  -0.4095   1.0000   0.0002  -0.0316  -0.0004  -0.0006
  -0.0005   0.0749  -0.0290   0.0006  -0.0004   0.0004  -0.0016  -0.0004   0.0002   1.0000   0.0002  -0.2053   0.0853
  -0.3056   0.0021   0.0382   0.0000  -0.1755   0.1772  -0.2840  -0.1615  -0.0316   0.0002   1.0000  -0.0005  -0.0006
   0.0014  -0.2155   0.0835  -0.0023   0.0013  -0.0012   0.0047   0.0012  -0.0004  -0.2053  -0.0005   1.0000   0.1051
   0.0019  -0.2909   0.1124   0.0680   0.0017  -0.0017   0.0063   0.0017  -0.0006   0.0853  -0.0006   0.1051   1.0000
