
  RooFitResult: minimized FCN value: -664745, estimated distance to minimum: 0.00956415
                covariance matrix quality: Full matrix, but forced positive-definite
                Status : MIGRAD=4 HESSE=0 

    Constant Parameter    Value     
  --------------------  ------------
              peakFail    9.1188e+01

    Floating Parameter  InitialValue    FinalValue +/-  Error     GblCorr.
  --------------------  ------------  --------------------------  --------
              NbkgFail    3.8824e+02    3.9058e+02 +/-  4.32e+00  <none>
              NbkgPass    3.8999e+03    3.9058e+03 +/-  2.25e+01  <none>
                  Nsig    1.0082e+05    1.0081e+05 +/-  4.12e+01  <none>
                 aPass    4.3398e-01    5.3848e+00 +/-  2.08e+00  <none>
              alfaFail    8.3767e+01    6.4519e+01 +/-  1.95e+01  <none>
              betaFail    2.2269e-03    2.7481e-03 +/-  3.23e-02  <none>
                   eff    9.8659e-01    9.8657e-01 +/-  5.12e-05  <none>
             gammaFail    3.8979e-02    3.9790e-02 +/-  5.82e-04  <none>
              meanFail   -9.0678e-01   -9.0479e-01 +/-  2.76e-02  <none>
              meanPass   -9.2597e-01   -9.2577e-01 +/-  2.34e-03  <none>
             sigmaFail    1.2743e+00    1.2622e+00 +/-  3.68e-02  <none>
             sigmaPass    1.1896e+00    1.1901e+00 +/-  6.46e-03  <none>
                 tPass   -5.6309e-02   -5.6567e-02 +/-  3.21e-04  <none>


  Correlation Matrix
 --------------------
   1.0000  -0.0000  -0.0012   0.0000   0.0089   0.0089   0.0109   0.0020   0.0000  -0.0000  -0.0023   0.0000  -0.0000
  -0.0000   1.0000  -0.0081  -0.0016  -0.0000  -0.0000  -0.0010  -0.0000  -0.0000   0.0008   0.0000  -0.0033   0.0038
  -0.0012  -0.0081   1.0000   0.0001  -0.0003  -0.0003  -0.0003  -0.0001  -0.0000  -0.0001   0.0001   0.0003  -0.0003
   0.0000  -0.0016   0.0001   1.0000   0.0000   0.0000   0.0000   0.0000  -0.0000   0.0004  -0.0000   0.0008   0.0046
   0.0089  -0.0000  -0.0003   0.0000   1.0000   0.9990   0.0031   0.1846  -0.0392   0.0000  -0.0004   0.0000   0.0000
   0.0089  -0.0000  -0.0003   0.0000   0.9990   1.0000   0.0031   0.1855  -0.0394   0.0000  -0.0005   0.0000   0.0000
   0.0109  -0.0010  -0.0003   0.0000   0.0031   0.0031   1.0000   0.0007   0.0000  -0.0000  -0.0008   0.0000  -0.0000
   0.0020  -0.0000  -0.0001   0.0000   0.1846   0.1855   0.0007   1.0000  -0.0035   0.0000   0.0019   0.0000   0.0000
   0.0000  -0.0000  -0.0000  -0.0000  -0.0392  -0.0394   0.0000  -0.0035   1.0000  -0.0000  -0.0010  -0.0000  -0.0000
  -0.0000   0.0008  -0.0001   0.0004   0.0000   0.0000  -0.0000   0.0000  -0.0000   1.0000   0.0000  -0.0032  -0.0017
  -0.0023   0.0000   0.0001  -0.0000  -0.0004  -0.0005  -0.0008   0.0019  -0.0010   0.0000   1.0000  -0.0000   0.0000
   0.0000  -0.0033   0.0003   0.0008   0.0000   0.0000   0.0000   0.0000  -0.0000  -0.0032  -0.0000   1.0000  -0.0030
  -0.0000   0.0038  -0.0003   0.0046   0.0000   0.0000  -0.0000   0.0000  -0.0000  -0.0017   0.0000  -0.0030   1.0000
