
  RooFitResult: minimized FCN value: -2.46677e+06, estimated distance to minimum: 0.00480376
                covariance matrix quality: Full, accurate covariance matrix
                Status : MIGRAD=4 HESSE=0 MINOS=0 

    Constant Parameter    Value     
  --------------------  ------------
              peakFail    9.1188e+01

    Floating Parameter  InitialValue    FinalValue +/-  Error     GblCorr.
  --------------------  ------------  --------------------------  --------
              NbkgFail    4.6370e+02    4.6654e+02 +/-  5.36e+01  <none>
              NbkgPass    5.0000e+01    5.3677e+03 +/-  3.14e+02  <none>
                  Nsig    2.5801e+05    3.1668e+05 +/-  6.42e+02  <none>
                 aPass    0.0000e+00    5.9292e+00 +/-  1.48e+01  <none>
              alfaFail    6.5000e+01    5.1338e+01 +/-  1.86e+01  <none>
              betaFail    5.0000e-02    5.3706e-02 +/-  4.19e-02  <none>
                   eff    8.0000e-01    9.8683e-01 +/-  2.54e-04  <none>
             gammaFail    1.0000e-01    6.4674e-03 +/-  3.49e-03  <none>
              meanFail    0.0000e+00   -4.2000e-01 +/-  8.71e-02  <none>
              meanPass    0.0000e+00   -5.1586e-01 +/-  8.04e-03  <none>
             sigmaFail    2.0000e+00    8.5416e-01 +/-  1.87e-01  <none>
             sigmaPass    2.0000e+00    3.2632e-03 +/-  8.23e-02  <none>
                 tPass   -1.0000e-06   -5.8596e-02 +/-  3.40e-03  <none>


  Correlation Matrix
 --------------------
   1.0000  -0.0000   0.0700  -0.0000  -0.3566  -0.0232   0.5514   0.0422   0.0246  -0.0000  -0.1855   0.0000   0.0000
  -0.0000   1.0000   0.4620   0.0005   0.0000   0.0000  -0.0485  -0.0000  -0.0000   0.0390  -0.0000  -0.0944  -0.3990
   0.0700   0.4620   1.0000   0.0002  -0.0298  -0.0019   0.0224   0.0035   0.0020   0.0190  -0.0155  -0.0461  -0.1950
  -0.0000   0.0005   0.0002   1.0000   0.0000  -0.0000  -0.0000  -0.0000  -0.0000   0.0002  -0.0000  -0.0001   0.0051
  -0.3566   0.0000  -0.0298   0.0000   1.0000   0.3834  -0.2346   0.2682  -0.1444   0.0000   0.0464  -0.0000  -0.0000
  -0.0232   0.0000  -0.0019  -0.0000   0.3834   1.0000  -0.0153  -0.0466   0.0166   0.0000   0.0090  -0.0000  -0.0000
   0.5514  -0.0485   0.0224  -0.0000  -0.2346  -0.0153   1.0000   0.0277   0.0162  -0.0020  -0.1221   0.0048   0.0205
   0.0422  -0.0000   0.0035  -0.0000   0.2682  -0.0466   0.0277   1.0000   0.0119  -0.0000   0.0052   0.0000   0.0000
   0.0246  -0.0000   0.0020  -0.0000  -0.1444   0.0166   0.0162   0.0119   1.0000  -0.0000  -0.0453   0.0000   0.0000
  -0.0000   0.0390   0.0190   0.0002   0.0000   0.0000  -0.0020  -0.0000  -0.0000   1.0000  -0.0000  -0.1538   0.0565
  -0.1855  -0.0000  -0.0155  -0.0000   0.0464   0.0090  -0.1221   0.0052  -0.0453  -0.0000   1.0000   0.0000   0.0000
   0.0000  -0.0944  -0.0461  -0.0001  -0.0000  -0.0000   0.0048   0.0000   0.0000  -0.1538   0.0000   1.0000   0.0664
   0.0000  -0.3990  -0.1950   0.0051  -0.0000  -0.0000   0.0205   0.0000   0.0000   0.0565   0.0000   0.0664   1.0000
