
  RooFitResult: minimized FCN value: -460156, estimated distance to minimum: 13532.8
                covariance matrix quality: Full matrix, but forced positive-definite
                Status : MIGRAD=4 HESSE=0 

    Constant Parameter    Value     
  --------------------  ------------
              peakFail    9.1188e+01

    Floating Parameter  InitialValue    FinalValue +/-  Error     GblCorr.
  --------------------  ------------  --------------------------  --------
              NbkgFail    3.1608e+02    3.1633e+02 +/-  1.88e+01  <none>
              NbkgPass    1.4302e+03    1.4307e+03 +/-  1.55e+03  <none>
                  Nsig    7.0998e+04    7.0999e+04 +/-  1.22e+03  <none>
                 aPass    3.7016e+00    9.9477e+00 +/-  1.91e+01  <none>
              alfaFail    8.0000e+01    8.0000e+01 +/-  2.76e-01  <none>
              betaFail    7.0328e-02    7.0356e-02 +/-  9.44e-03  <none>
                   eff    9.9816e-01    9.9816e-01 +/-  2.21e-04  <none>
             gammaFail    3.1268e-11    2.4916e-08 +/-  6.26e-04  <none>
              meanFail   -6.0815e-01   -6.0377e-01 +/-  2.39e-06  <none>
              meanPass   -1.0651e-01   -1.0652e-01 +/-  1.29e-02  <none>
             sigmaFail    1.1254e-04    3.7805e-05 +/-  3.41e+00  <none>
             sigmaPass    7.5856e-01    7.5825e-01 +/-  8.14e-02  <none>
                 tPass   -2.5913e-10   -1.2951e-07 +/-  3.52e-02  <none>


  Correlation Matrix
 --------------------
   1.0000  -0.0190   0.0143  -0.0004   0.0011   0.0672   0.3981   0.0026  -0.0000   0.0050  -0.0389   0.0168   0.0190
  -0.0190   1.0000  -0.9819   0.0199  -0.0001  -0.0042  -0.1869  -0.0002   0.0000  -0.2600   0.0024  -0.8807  -0.9981
   0.0143  -0.9819   1.0000  -0.0196   0.0001   0.0032   0.1778   0.0001  -0.0000   0.2554  -0.0018   0.8653   0.9806
  -0.0004   0.0199  -0.0196   1.0000  -0.0000  -0.0001  -0.0037  -0.0000   0.0000  -0.0050   0.0000  -0.0176  -0.0202
   0.0011  -0.0001   0.0001  -0.0000   1.0000   0.0047   0.0015  -0.0002   0.0000   0.0000   0.0002   0.0001   0.0001
   0.0672  -0.0042   0.0032  -0.0001   0.0047   1.0000   0.0884   0.0041  -0.0000   0.0011  -0.0525   0.0037   0.0042
   0.3981  -0.1869   0.1778  -0.0037   0.0015   0.0884   1.0000   0.0034  -0.0000   0.0486  -0.0512   0.1647   0.1866
   0.0026  -0.0002   0.0001  -0.0000  -0.0002   0.0041   0.0034   1.0000  -0.0000   0.0000  -0.0003   0.0001   0.0002
  -0.0000   0.0000  -0.0000   0.0000   0.0000  -0.0000  -0.0000  -0.0000   1.0000  -0.0000   0.0000  -0.0000  -0.0000
   0.0050  -0.2600   0.2554  -0.0050   0.0000   0.0011   0.0486   0.0000  -0.0000   1.0000  -0.0006   0.2462   0.2620
  -0.0389   0.0024  -0.0018   0.0000   0.0002  -0.0525  -0.0512  -0.0003   0.0000  -0.0006   1.0000  -0.0022  -0.0024
   0.0168  -0.8807   0.8653  -0.0176   0.0001   0.0037   0.1647   0.0001  -0.0000   0.2462  -0.0022   1.0000   0.8792
   0.0190  -0.9981   0.9806  -0.0202   0.0001   0.0042   0.1866   0.0002  -0.0000   0.2620  -0.0024   0.8792   1.0000
