
  RooFitResult: minimized FCN value: -1.97867e+06, estimated distance to minimum: 7.76479e-08
                covariance matrix quality: Full, accurate covariance matrix
                Status : MIGRAD=4 HESSE=0 MINOS=0 

    Constant Parameter    Value     
  --------------------  ------------
              peakFail    9.1188e+01

    Floating Parameter  InitialValue    FinalValue (+HiError,-LoError)    GblCorr.
  --------------------  ------------  ----------------------------------  --------
              NbkgFail    1.7030e+02    2.6755e+02         +/-  3.89e+01  <none>
              NbkgPass    5.0000e+01    4.0719e+02         +/-  1.52e+02  <none>
                  Nsig    2.0923e+05    2.6086e+05         +/-  5.34e+02  <none>
                 aPass    0.0000e+00    1.0000e+01         +/-  2.00e+01  <none>
              alfaFail    7.5000e+01    6.5638e+01         +/-  2.10e+00  <none>
              betaFail    5.0000e-02    1.7425e-01         +/-  1.51e-01  <none>
                   eff    8.0000e-01    9.9450e-01 (+1.94e-04,-1.93e-04)  <none>
             gammaFail    1.0000e-01    4.1338e-02         +/-  9.75e-03  <none>
              meanFail    0.0000e+00   -1.4889e+00         +/-  1.69e-01  <none>
              meanPass    0.0000e+00   -8.5254e-01         +/-  9.20e-03  <none>
             sigmaFail    2.0000e+00    1.0087e+00         +/-  4.00e-01  <none>
             sigmaPass    2.0000e+00    8.9525e-01         +/-  2.99e-02  <none>
                 tPass   -1.0000e-06   -2.8511e-10         +/-  8.36e-03  <none>


  Correlation Matrix
 --------------------
   1.0000  -0.0005  -0.0586  -0.0000   0.3747  -0.3125   0.6184   0.0060   0.1714  -0.0000  -0.2868   0.0001  -0.0001
  -0.0005   1.0000  -0.2828   0.0027  -0.0002   0.0002  -0.0165  -0.0000  -0.0001   0.0020   0.0002  -0.1446   0.1464
  -0.0586  -0.2828   1.0000  -0.0008  -0.0266   0.0221  -0.0395  -0.0005  -0.0123  -0.0006   0.0205   0.0416  -0.0419
  -0.0000   0.0027  -0.0008   1.0000  -0.0000   0.0000  -0.0000  -0.0000  -0.0000   0.0003   0.0000  -0.0004  -0.0086
   0.3747  -0.0002  -0.0266  -0.0000   1.0000  -0.8018   0.2808   0.6900   0.1663  -0.0000  -0.1029   0.0000  -0.0000
  -0.3125   0.0002   0.0221   0.0000  -0.8018   1.0000  -0.2340  -0.4949  -0.1133   0.0000   0.1073  -0.0000   0.0000
   0.6184  -0.0165  -0.0395  -0.0000   0.2808  -0.2340   1.0000   0.0048   0.1299  -0.0000  -0.2164   0.0024  -0.0024
   0.0060  -0.0000  -0.0005  -0.0000   0.6900  -0.4949   0.0048   1.0000   0.2498   0.0000  -0.0116   0.0000  -0.0000
   0.1714  -0.0001  -0.0123  -0.0000   0.1663  -0.1133   0.1299   0.2498   1.0000  -0.0000  -0.2783   0.0000  -0.0000
  -0.0000   0.0020  -0.0006   0.0003  -0.0000   0.0000  -0.0000   0.0000  -0.0000   1.0000   0.0000  -0.1718   0.0923
  -0.2868   0.0002   0.0205   0.0000  -0.1029   0.1073  -0.2164  -0.0116  -0.2783   0.0000   1.0000  -0.0000   0.0000
   0.0001  -0.1446   0.0416  -0.0004   0.0000  -0.0000   0.0024   0.0000   0.0000  -0.1718  -0.0000   1.0000  -0.0183
  -0.0001   0.1464  -0.0419  -0.0086  -0.0000   0.0000  -0.0024  -0.0000  -0.0000   0.0923   0.0000  -0.0183   1.0000
