
  RooFitResult: minimized FCN value: -184840, estimated distance to minimum: 2.30935e-07
                covariance matrix quality: Full, accurate covariance matrix
                Status : MIGRAD=4 HESSE=0 MINOS=0 

    Constant Parameter    Value     
  --------------------  ------------
              peakFail    9.1188e+01

    Floating Parameter  InitialValue    FinalValue (+HiError,-LoError)    GblCorr.
  --------------------  ------------  ----------------------------------  --------
              NbkgFail    1.6100e+01    9.4282e+01         +/-  1.93e+01  <none>
              NbkgPass    5.0000e+01    6.7075e+02         +/-  7.32e+01  <none>
                  Nsig    2.6857e+04    3.2806e+04         +/-  1.94e+02  <none>
                 aPass    0.0000e+00    1.0000e+01         +/-  1.83e+01  <none>
              alfaFail    6.0000e+01    8.0000e+01         +/-  3.50e+00  <none>
              betaFail    5.0000e-02    4.0466e-02         +/-  1.40e-02  <none>
                   eff    8.0000e-01    9.9797e-01 (+8.99e-04,-6.06e-04)  <none>
             gammaFail    1.0000e-01    3.5176e-10         +/-  4.35e-03  <none>
              meanFail    0.0000e+00    5.4963e-02         +/-  1.51e+00  <none>
              meanPass    0.0000e+00   -2.6600e-01         +/-  2.48e-02  <none>
             sigmaFail    2.0000e+00    2.8258e+00         +/-  1.70e+00  <none>
             sigmaPass    2.0000e+00    6.1502e-01         +/-  9.94e-02  <none>
                 tPass   -1.0000e-06   -2.5736e-11         +/-  1.72e-03  <none>


  Correlation Matrix
 --------------------
   1.0000  -0.0007  -0.0742   0.0000  -0.0080   0.4118   0.7799   0.0348  -0.4015  -0.0000   0.5762   0.0001   0.0001
  -0.0007   1.0000  -0.3251  -0.0117   0.0000  -0.0004  -0.0075  -0.0000   0.0003   0.0266  -0.0005  -0.1781  -0.1008
  -0.0742  -0.3251   1.0000   0.0043   0.0008  -0.0408  -0.0749  -0.0034   0.0400  -0.0099  -0.0573   0.0661   0.0374
   0.0000  -0.0117   0.0043   1.0000  -0.0000   0.0000   0.0001   0.0000  -0.0000   0.0005   0.0000   0.0020  -0.0004
  -0.0080   0.0000   0.0008  -0.0000   1.0000   0.0782  -0.0083  -0.0211   0.0613   0.0000  -0.0298  -0.0000  -0.0000
   0.4118  -0.0004  -0.0408   0.0000   0.0782   1.0000   0.4296   0.0942  -0.2212  -0.0000   0.3224   0.0001   0.0000
   0.7799  -0.0075  -0.0749   0.0001  -0.0083   0.4296   1.0000   0.0364  -0.4185  -0.0002   0.6005   0.0015   0.0009
   0.0348  -0.0000  -0.0034   0.0000  -0.0211   0.0942   0.0364   1.0000   0.0340  -0.0000   0.0044   0.0000   0.0000
  -0.4015   0.0003   0.0400  -0.0000   0.0613  -0.2212  -0.4185   0.0340   1.0000   0.0000  -0.6308  -0.0001  -0.0000
  -0.0000   0.0266  -0.0099   0.0005   0.0000  -0.0000  -0.0002  -0.0000   0.0000   1.0000  -0.0000   0.1008   0.0067
   0.5762  -0.0005  -0.0573   0.0000  -0.0298   0.3224   0.6005   0.0044  -0.6308  -0.0000   1.0000   0.0001   0.0001
   0.0001  -0.1781   0.0661   0.0020  -0.0000   0.0001   0.0015   0.0000  -0.0001   0.1008   0.0001   1.0000   0.0153
   0.0001  -0.1008   0.0374  -0.0004  -0.0000   0.0000   0.0009   0.0000  -0.0000   0.0067   0.0001   0.0153   1.0000
