
  RooFitResult: minimized FCN value: -290327, estimated distance to minimum: 0.00759665
                covariance matrix quality: Full matrix, but forced positive-definite
                Status : MIGRAD=0 HESSE=0 

    Constant Parameter    Value     
  --------------------  ------------
              peakFail    9.1188e+01

    Floating Parameter  InitialValue    FinalValue +/-  Error     GblCorr.
  --------------------  ------------  --------------------------  --------
              NbkgFail    7.9417e+01    7.9411e+01 +/-  1.25e+01  <none>
              NbkgPass    1.1325e+03    1.1300e+03 +/-  1.23e+03  <none>
                  Nsig    4.7984e+04    4.7987e+04 +/-  9.82e+02  <none>
                 aPass    8.2738e-01    7.2793e+00 +/-  1.23e+01  <none>
              alfaFail    8.0000e+01    8.0000e+01 +/-  4.98e+00  <none>
              betaFail    2.9640e-02    2.9572e-02 +/-  1.07e-02  <none>
                   eff    9.9832e-01    9.9832e-01 +/-  2.66e-04  <none>
             gammaFail    1.0347e-09    3.9965e-08 +/-  1.40e-03  <none>
              meanFail   -1.8990e-01   -1.8417e-01 +/-  7.24e-01  <none>
              meanPass   -1.8924e-01   -1.8922e-01 +/-  2.07e-02  <none>
             sigmaFail    2.7083e+00    2.7156e+00 +/-  7.10e-01  <none>
             sigmaPass    3.2628e-01    3.2593e-01 +/-  3.43e-01  <none>
                 tPass   -1.0704e-05   -5.0046e-09 +/-  4.32e-02  <none>


  Correlation Matrix
 --------------------
   1.0000  -0.0190   0.0119   0.0016   0.0643  -0.0612   0.5819  -0.4309  -0.0584   0.0103  -0.2691   0.0176   0.0190
  -0.0190   1.0000  -0.9811  -0.0861  -0.0021   0.0020  -0.1593   0.0139   0.0019  -0.5391   0.0087  -0.9264  -0.9981
   0.0119  -0.9811   1.0000   0.0845   0.0013  -0.0012   0.1497  -0.0087  -0.0012   0.5293  -0.0054   0.9095   0.9799
   0.0016  -0.0861   0.0845   1.0000   0.0002  -0.0002   0.0137  -0.0012  -0.0002   0.0457  -0.0008   0.0801   0.0874
   0.0643  -0.0021   0.0013   0.0002   1.0000  -0.0134   0.0635  -0.1867   0.0209   0.0011  -0.0375   0.0019   0.0021
  -0.0612   0.0020  -0.0012  -0.0002  -0.0134   1.0000  -0.0605   0.4806  -0.0030  -0.0011   0.0541  -0.0018  -0.0020
   0.5819  -0.1593   0.1497   0.0137   0.0635  -0.0605   1.0000  -0.4258  -0.0577   0.0859  -0.2659   0.1477   0.1591
  -0.4309   0.0139  -0.0087  -0.0012  -0.1867   0.4806  -0.4258   1.0000   0.1038  -0.0075   0.2179  -0.0129  -0.0139
  -0.0584   0.0019  -0.0012  -0.0002   0.0209  -0.0030  -0.0577   0.1038   1.0000  -0.0010   0.1722  -0.0017  -0.0019
   0.0103  -0.5391   0.5293   0.0457   0.0011  -0.0011   0.0859  -0.0075  -0.0010   1.0000  -0.0047   0.5467   0.5407
  -0.2691   0.0087  -0.0054  -0.0008  -0.0375   0.0541  -0.2659   0.2179   0.1722  -0.0047   1.0000  -0.0081  -0.0087
   0.0176  -0.9264   0.9095   0.0801   0.0019  -0.0018   0.1477  -0.0129  -0.0017   0.5467  -0.0081   1.0000   0.9246
   0.0190  -0.9981   0.9799   0.0874   0.0021  -0.0020   0.1591  -0.0139  -0.0019   0.5407  -0.0087   0.9246   1.0000
