
  RooFitResult: minimized FCN value: -1.30371e+06, estimated distance to minimum: 4.94785e-06
                covariance matrix quality: Full, accurate covariance matrix
                Status : MIGRAD=4 HESSE=0 MINOS=0 

    Constant Parameter    Value     
  --------------------  ------------
              peakFail    9.1188e+01

    Floating Parameter  InitialValue    FinalValue (+HiError,-LoError)    GblCorr.
  --------------------  ------------  ----------------------------------  --------
              NbkgFail    3.8200e+01    1.9217e+02         +/-  1.90e+01  <none>
              NbkgPass    5.0000e+01    1.7118e+03         +/-  1.30e+02  <none>
                  Nsig    1.4442e+05    1.7862e+05         +/-  4.40e+02  <none>
                 aPass    0.0000e+00    1.0000e+01         +/-  4.56e+00  <none>
              alfaFail    6.5000e+01    8.4960e+01         +/-  8.03e+00  <none>
              betaFail    5.0000e-02    1.5843e-04         +/-  4.46e-02  <none>
                   eff    8.0000e-01    9.9894e-01 (+1.05e-04,-1.09e-04)  <none>
             gammaFail    1.0000e-01   -3.1891e-02         +/-  7.87e-03  <none>
              meanFail    0.0000e+00    5.5188e-01         +/-  2.53e-01  <none>
              meanPass    0.0000e+00   -3.6276e-01         +/-  1.13e-02  <none>
             sigmaFail    2.0000e+00    6.7490e-01         +/-  3.34e-01  <none>
             sigmaPass    2.0000e+00    7.7811e-01         +/-  4.48e-02  <none>
                 tPass   -1.0000e-06   -1.4330e-10         +/-  6.84e-04  <none>


  Correlation Matrix
 --------------------
   1.0000  -0.0000  -0.0204  -0.0000   0.0000   0.0095   0.4748   0.0358   0.0051  -0.0000  -0.1721   0.0000   0.0000
  -0.0000   1.0000  -0.2635  -0.0005  -0.0000  -0.0000  -0.0064  -0.0000  -0.0000   0.0205  -0.0000  -0.1687  -0.0684
  -0.0204  -0.2635   1.0000   0.0001   0.0000  -0.0004  -0.0187  -0.0015  -0.0002  -0.0060   0.0075   0.0495   0.0201
  -0.0000  -0.0005   0.0001   1.0000   0.0000  -0.0000   0.0000   0.0000  -0.0000   0.0000  -0.0000   0.0001  -0.0000
   0.0000  -0.0000   0.0000   0.0000   1.0000   0.0000   0.0000  -0.0000  -0.0000   0.0000  -0.0000   0.0000   0.0000
   0.0095  -0.0000  -0.0004  -0.0000   0.0000   1.0000   0.0096  -0.7782  -0.0018  -0.0000  -0.0031   0.0000   0.0000
   0.4748  -0.0064  -0.0187   0.0000   0.0000   0.0096   1.0000   0.0363   0.0052  -0.0001  -0.1727   0.0012   0.0005
   0.0358  -0.0000  -0.0015   0.0000  -0.0000  -0.7782   0.0363   1.0000   0.0871   0.0000  -0.0519   0.0000  -0.0000
   0.0051  -0.0000  -0.0002  -0.0000  -0.0000  -0.0018   0.0052   0.0871   1.0000  -0.0000  -0.1292   0.0000   0.0000
  -0.0000   0.0205  -0.0060   0.0000   0.0000  -0.0000  -0.0001   0.0000  -0.0000   1.0000  -0.0000   0.0750   0.0055
  -0.1721  -0.0000   0.0075  -0.0000  -0.0000  -0.0031  -0.1727  -0.0519  -0.1292  -0.0000   1.0000   0.0000   0.0000
   0.0000  -0.1687   0.0495   0.0001   0.0000   0.0000   0.0012   0.0000   0.0000   0.0750   0.0000   1.0000   0.0096
   0.0000  -0.0684   0.0201  -0.0000   0.0000   0.0000   0.0005  -0.0000   0.0000   0.0055   0.0000   0.0096   1.0000
