
  RooFitResult: minimized FCN value: -693006, estimated distance to minimum: 3.3932e-06
                covariance matrix quality: Full, accurate covariance matrix
                Status : MIGRAD=4 HESSE=0 MINOS=0 

    Constant Parameter    Value     
  --------------------  ------------
              peakFail    9.1188e+01

    Floating Parameter  InitialValue    FinalValue (+HiError,-LoError)    GblCorr.
  --------------------  ------------  ----------------------------------  --------
              NbkgFail    4.3700e+01    2.5926e+02         +/-  2.70e+01  <none>
              NbkgPass    5.0000e+01    1.7833e+03         +/-  1.29e+02  <none>
                  Nsig    8.1735e+04    1.0013e+05         +/-  3.40e+02  <none>
                 aPass    0.0000e+00    1.0000e+01         +/-  1.96e+01  <none>
              alfaFail    6.0000e+01    8.0000e+01         +/-  1.56e+00  <none>
              betaFail    5.0000e-02    4.2617e-02         +/-  8.06e-03  <none>
                   eff    8.0000e-01    9.9822e-01 (+2.65e-04,-2.53e-04)  <none>
             gammaFail    1.0000e-01    3.1792e-11         +/-  2.11e-03  <none>
              meanFail    0.0000e+00   -6.1202e-03         +/-  4.07e-01  <none>
              meanPass    0.0000e+00   -3.8409e-02         +/-  1.02e-02  <none>
             sigmaFail    2.0000e+00    1.1998e+00         +/-  1.01e+00  <none>
             sigmaPass    2.0000e+00    2.3039e-01         +/-  4.56e-02  <none>
                 tPass   -1.0000e-06   -7.0342e-11         +/-  7.20e-04  <none>


  Correlation Matrix
 --------------------
   1.0000   0.0000  -0.0516   0.0000   0.0151   0.3527   0.6868   0.0300  -0.1557   0.0000   0.4773  -0.0000  -0.0000
   0.0000   1.0000  -0.3397  -0.0040  -0.0000   0.0000  -0.0079  -0.0000  -0.0000   0.0175   0.0001  -0.1228  -0.1129
  -0.0516  -0.3397   1.0000   0.0015  -0.0012  -0.0281  -0.0518  -0.0024   0.0124  -0.0067  -0.0381   0.0467   0.0429
   0.0000  -0.0040   0.0015   1.0000   0.0000   0.0000   0.0000   0.0000  -0.0000   0.0002   0.0000   0.0005  -0.0003
   0.0151  -0.0000  -0.0012   0.0000   1.0000   0.0724   0.0161  -0.0077   0.0105   0.0000   0.0043   0.0000   0.0000
   0.3527   0.0000  -0.0281   0.0000   0.0724   1.0000   0.3746   0.0691  -0.1271   0.0000   0.2455  -0.0000  -0.0000
   0.6868  -0.0079  -0.0518   0.0000   0.0161   0.3746   1.0000   0.0319  -0.1650  -0.0002   0.5059   0.0011   0.0010
   0.0300  -0.0000  -0.0024   0.0000  -0.0077   0.0691   0.0319   1.0000   0.0032   0.0000   0.0147   0.0000   0.0000
  -0.1557  -0.0000   0.0124  -0.0000   0.0105  -0.1271  -0.1650   0.0032   1.0000  -0.0000  -0.2433   0.0000   0.0000
   0.0000   0.0175  -0.0067   0.0002   0.0000   0.0000  -0.0002   0.0000  -0.0000   1.0000   0.0000   0.1143   0.0079
   0.4773   0.0001  -0.0381   0.0000   0.0043   0.2455   0.5059   0.0147  -0.2433   0.0000   1.0000  -0.0000  -0.0000
  -0.0000  -0.1228   0.0467   0.0005   0.0000  -0.0000   0.0011   0.0000   0.0000   0.1143  -0.0000   1.0000   0.0118
  -0.0000  -0.1129   0.0429  -0.0003   0.0000  -0.0000   0.0010   0.0000   0.0000   0.0079  -0.0000   0.0118   1.0000
