
  RooFitResult: minimized FCN value: -1.1333e+07, estimated distance to minimum: 0.000172095
                covariance matrix quality: Full, accurate covariance matrix
                Status : MIGRAD=0 HESSE=0 

    Constant Parameter    Value     
  --------------------  ------------
              peakFail    9.1188e+01

    Floating Parameter  InitialValue    FinalValue +/-  Error     GblCorr.
  --------------------  ------------  --------------------------  --------
              NbkgFail    3.2707e+02    3.2707e+02 +/-  3.09e+01  <none>
              NbkgPass    2.1410e+03    2.1403e+03 +/-  2.00e+02  <none>
                  Nsig    1.1912e+06    1.1912e+06 +/-  1.11e+03  <none>
                 aPass    3.8155e+00    3.8073e+00 +/-  1.48e+01  <none>
              alfaFail    8.5000e+01    8.5000e+01 +/-  4.77e+00  <none>
              betaFail    4.1096e-02    4.1097e-02 +/-  6.58e-03  <none>
                   eff    9.9801e-01    9.9801e-01 +/-  4.59e-05  <none>
             gammaFail    8.5373e-08    8.5561e-08 +/-  3.45e-02  <none>
              meanFail   -1.5313e-01   -1.5313e-01 +/-  8.52e-02  <none>
              meanPass   -1.4137e-01   -1.4137e-01 +/-  2.89e-03  <none>
             sigmaFail    1.1971e+00    1.1970e+00 +/-  1.47e-01  <none>
             sigmaPass    3.3632e-01    3.3632e-01 +/-  1.57e-02  <none>
                 tPass   -4.2703e-09   -9.1579e-06 +/-  4.66e-02  <none>


  Correlation Matrix
 --------------------
   1.0000  -0.0000  -0.0182   0.0000   0.0024   0.0703   0.3708   0.0178  -0.0396   0.0000  -0.1866   0.0000   0.0000
  -0.0000   1.0000  -0.1709   0.0094  -0.0000  -0.0000  -0.0069  -0.0000   0.0002   0.0009  -0.0000  -0.0808   0.1892
  -0.0182  -0.1709   1.0000  -0.0017  -0.0000  -0.0019  -0.0090  -0.0004   0.0010  -0.0002   0.0052   0.0152  -0.0334
   0.0000   0.0094  -0.0017   1.0000  -0.0000   0.0000  -0.0001  -0.0000  -0.0000  -0.0007   0.0000  -0.0007  -0.0038
   0.0024  -0.0000  -0.0000  -0.0000   1.0000   0.0058   0.0013  -0.0001   0.0002   0.0000  -0.0007   0.0000  -0.0000
   0.0703  -0.0000  -0.0019   0.0000   0.0058   1.0000   0.0396   0.0268  -0.1542  -0.0000   0.0275   0.0000  -0.0000
   0.3708  -0.0069  -0.0090  -0.0001   0.0013   0.0396   1.0000   0.0100  -0.0223  -0.0000  -0.1052   0.0006  -0.0013
   0.0178  -0.0000  -0.0004  -0.0000  -0.0001   0.0268   0.0100   1.0000   0.0006   0.0000  -0.0052   0.0000  -0.0000
  -0.0396   0.0002   0.0010  -0.0000   0.0002  -0.1542  -0.0223   0.0006   1.0000   0.0000  -0.0587  -0.0002   0.0003
   0.0000   0.0009  -0.0002  -0.0007   0.0000  -0.0000  -0.0000   0.0000   0.0000   1.0000  -0.0000   0.0156  -0.0193
  -0.1866  -0.0000   0.0052   0.0000  -0.0007   0.0275  -0.1052  -0.0052  -0.0587  -0.0000   1.0000   0.0000  -0.0000
   0.0000  -0.0808   0.0152  -0.0007   0.0000   0.0000   0.0006   0.0000  -0.0002   0.0156   0.0000   1.0000  -0.0116
   0.0000   0.1892  -0.0334  -0.0038  -0.0000  -0.0000  -0.0013  -0.0000   0.0003  -0.0193  -0.0000  -0.0116   1.0000
