
  RooFitResult: minimized FCN value: -89059.5, estimated distance to minimum: 1.32716e-06
                covariance matrix quality: Full, accurate covariance matrix
                Status : MIGRAD=4 HESSE=0 MINOS=0 

    Constant Parameter    Value     
  --------------------  ------------
              peakFail    9.1188e+01

    Floating Parameter  InitialValue    FinalValue (+HiError,-LoError)    GblCorr.
  --------------------  ------------  ----------------------------------  --------
              NbkgFail    8.4100e+01    3.9814e+02         +/-  3.59e+01  <none>
              NbkgPass    5.0000e+01    1.5537e+03         +/-  1.22e+02  <none>
                  Nsig    1.6001e+04    1.8049e+04         +/-  1.80e+02  <none>
                 aPass    0.0000e+00    4.6379e+00         +/-  1.48e+01  <none>
              alfaFail    6.5000e+01    5.0000e+01         +/-  7.59e+00  <none>
              betaFail    5.0000e-02    1.9997e-01         +/-  4.49e-02  <none>
                   eff    8.0000e-01    9.7546e-01 (+1.98e-03,-2.02e-03)  <none>
             gammaFail    1.0000e-01    3.4973e-02         +/-  3.78e-03  <none>
              meanFail    0.0000e+00   -1.2399e+00         +/-  2.47e-01  <none>
              meanPass    0.0000e+00   -1.1716e+00         +/-  5.16e-02  <none>
             sigmaFail    2.0000e+00    4.7058e-01         +/-  3.13e-01  <none>
             sigmaPass    2.0000e+00    1.6475e+00         +/-  1.28e-01  <none>
                 tPass   -1.0000e-06   -6.3420e-02         +/-  4.86e-03  <none>


  Correlation Matrix
 --------------------
   1.0000  -0.0004  -0.1382  -0.0000   0.0001   0.0001   0.6763   0.0111  -0.0354  -0.0001  -0.1519   0.0002  -0.0003
  -0.0004   1.0000  -0.6091   0.0011  -0.0000  -0.0000  -0.0750   0.0000   0.0000   0.1160   0.0001  -0.4671   0.5896
  -0.1382  -0.6091   1.0000  -0.0008  -0.0000  -0.0000  -0.0844  -0.0023   0.0071  -0.0789   0.0304   0.3174  -0.4005
  -0.0000   0.0011  -0.0008   1.0000   0.0000  -0.0000  -0.0001   0.0000   0.0000   0.0006   0.0000  -0.0003  -0.0101
   0.0001  -0.0000  -0.0000   0.0000   1.0000  -0.0005   0.0001   0.0006   0.0002  -0.0000  -0.0002   0.0000  -0.0000
   0.0001  -0.0000  -0.0000  -0.0000  -0.0005   1.0000   0.0001   0.0007   0.0003  -0.0000  -0.0002   0.0000  -0.0000
   0.6763  -0.0750  -0.0844  -0.0001   0.0001   0.0001   1.0000   0.0109  -0.0345  -0.0097  -0.1485   0.0391  -0.0493
   0.0111   0.0000  -0.0023   0.0000   0.0006   0.0007   0.0109   1.0000   0.0788   0.0000   0.0155  -0.0000   0.0000
  -0.0354   0.0000   0.0071   0.0000   0.0002   0.0003  -0.0345   0.0788   1.0000   0.0000   0.2058  -0.0000   0.0000
  -0.0001   0.1160  -0.0789   0.0006  -0.0000  -0.0000  -0.0097   0.0000   0.0000   1.0000   0.0000  -0.1939   0.0386
  -0.1519   0.0001   0.0304   0.0000  -0.0002  -0.0002  -0.1485   0.0155   0.2058   0.0000   1.0000  -0.0000   0.0000
   0.0002  -0.4671   0.3174  -0.0003   0.0000   0.0000   0.0391  -0.0000  -0.0000  -0.1939  -0.0000   1.0000  -0.4502
  -0.0003   0.5896  -0.4005  -0.0101  -0.0000  -0.0000  -0.0493   0.0000   0.0000   0.0386   0.0000  -0.4502   1.0000
