
  RooFitResult: minimized FCN value: -7.89752e+06, estimated distance to minimum: 0.000539387
                covariance matrix quality: Full, accurate covariance matrix
                Status : MIGRAD=0 HESSE=0 

    Constant Parameter    Value     
  --------------------  ------------
              peakFail    9.1188e+01

    Floating Parameter  InitialValue    FinalValue +/-  Error     GblCorr.
  --------------------  ------------  --------------------------  --------
              NbkgFail    4.0332e+02    4.1207e+02 +/-  4.75e+01  <none>
              NbkgPass    1.7030e+03    1.6994e+03 +/-  2.07e+02  <none>
                  Nsig    8.7001e+05    8.6999e+05 +/-  9.56e+02  <none>
                 aPass    9.1338e+00    9.9995e+00 +/-  1.92e+01  <none>
              alfaFail    8.3900e+01    8.3350e+01 +/-  3.10e+00  <none>
              betaFail    3.2955e-02    3.5636e-02 +/-  1.16e-02  <none>
                   eff    9.9760e-01    9.9761e-01 +/-  7.19e-05  <none>
             gammaFail    3.4171e-03    5.1746e-03 +/-  9.38e-03  <none>
              meanFail   -6.0160e-01   -6.0176e-01 +/-  1.03e-01  <none>
              meanPass   -3.1398e-01   -3.1396e-01 +/-  4.09e-03  <none>
             sigmaFail    1.0543e+00    1.0329e+00 +/-  2.44e-01  <none>
             sigmaPass    8.3757e-01    8.3752e-01 +/-  1.27e-02  <none>
                 tPass   -9.4323e-03   -9.3227e-03 +/-  4.62e-03  <none>


  Correlation Matrix
 --------------------
   1.0000   0.0001  -0.0412   0.0000  -0.1265   0.7069   0.6203   0.7272   0.0062  -0.0000  -0.3809   0.0001   0.0001
   0.0001   1.0000  -0.2081  -0.0050  -0.0000   0.0001  -0.0076   0.0001   0.0000  -0.0246  -0.0001  -0.1160   0.6756
  -0.0412  -0.2081   1.0000   0.0010   0.0063  -0.0358  -0.0296  -0.0369  -0.0004   0.0054   0.0193   0.0247  -0.1468
   0.0000  -0.0050   0.0010   1.0000  -0.0000   0.0000   0.0001   0.0000   0.0000  -0.0004  -0.0001   0.0007   0.0350
  -0.1265  -0.0000   0.0063  -0.0000   1.0000  -0.2180  -0.0960  -0.0103  -0.0081   0.0000   0.0564  -0.0000  -0.0000
   0.7069   0.0001  -0.0358   0.0000  -0.2180   1.0000   0.5363   0.8778  -0.0015  -0.0000  -0.3058   0.0001   0.0001
   0.6203  -0.0076  -0.0296   0.0001  -0.0960   0.5363   1.0000   0.5516   0.0047   0.0002  -0.2889   0.0010  -0.0053
   0.7272   0.0001  -0.0369   0.0000  -0.0103   0.8778   0.5516   1.0000   0.0674  -0.0000  -0.3312   0.0001   0.0001
   0.0062   0.0000  -0.0004   0.0000  -0.0081  -0.0015   0.0047   0.0674   1.0000  -0.0000  -0.0651   0.0000   0.0000
  -0.0000  -0.0246   0.0054  -0.0004   0.0000  -0.0000   0.0002  -0.0000  -0.0000   1.0000   0.0000  -0.0840  -0.0656
  -0.3809  -0.0001   0.0193  -0.0001   0.0564  -0.3058  -0.2889  -0.3312  -0.0651   0.0000   1.0000  -0.0002  -0.0003
   0.0001  -0.1160   0.0247   0.0007  -0.0000   0.0001   0.0010   0.0001   0.0000  -0.0840  -0.0002   1.0000  -0.0641
   0.0001   0.6756  -0.1468   0.0350  -0.0000   0.0001  -0.0053   0.0001   0.0000  -0.0656  -0.0003  -0.0641   1.0000
