
  RooFitResult: minimized FCN value: -22383.2, estimated distance to minimum: 3.69239e-06
                covariance matrix quality: Full, accurate covariance matrix
                Status : MIGRAD=4 HESSE=0 MINOS=0 

    Constant Parameter    Value     
  --------------------  ------------
              massFail    9.1188e+01
              peakFail    9.1188e+01
             widthFail    2.4952e+00

    Floating Parameter  InitialValue    FinalValue (+HiError,-LoError)    GblCorr.
  --------------------  ------------  ----------------------------------  --------
              NbkgFail    1.7100e+01    6.2809e+01         +/-  1.23e+01  <none>
              NbkgPass    5.0000e+01    8.8766e+01         +/-  7.28e+01  <none>
                  Nsig    4.9800e+03    6.0734e+03         +/-  1.06e+02  <none>
                 aPass    0.0000e+00    9.9998e+00         +/-  4.60e+00  <none>
              alfaFail    6.0000e+01    7.0000e+01         +/-  1.64e+00  <none>
             alphaFail    5.0000e+00    3.9935e+00         +/-  6.51e+00  <none>
              betaFail    5.0000e-02    8.3927e-02         +/-  5.46e-02  <none>
                   eff    8.0000e-01    9.8219e-01 (+2.85e-03,-2.51e-03)  <none>
             gammaFail    1.0000e-01    7.2956e-09         +/-  1.81e-02  <none>
              meanFail    0.0000e+00   -6.9829e+00         +/-  7.25e-01  <none>
              meanPass    0.0000e+00    2.3719e-01         +/-  6.77e-02  <none>
                 nFail    1.0000e+00    9.9457e+00         +/-  2.27e+00  <none>
             sigmaFail    1.0000e+00    4.8733e+00         +/-  5.06e-01  <none>
             sigmaPass    2.0000e+00    1.2547e+00         +/-  1.79e-01  <none>
                 tPass   -1.0000e-06   -3.1638e-02         +/-  4.33e-02  <none>


  Correlation Matrix
 --------------------
   1.0000  -0.0015  -0.0682  -0.0000   0.0144   0.0012   0.2522   0.5198   0.0470  -0.0656   0.0000  -0.0000  -0.2909   0.0006  -0.0014
  -0.0015   1.0000  -0.6683   0.0000  -0.0000  -0.0000  -0.0007  -0.0916  -0.0001   0.0001  -0.0258   0.0000   0.0007  -0.4152   0.9501
  -0.0682  -0.6683   1.0000  -0.0000  -0.0017  -0.0001  -0.0289   0.0016  -0.0054   0.0076   0.0175   0.0000   0.0336   0.2822  -0.6457
  -0.0000   0.0000  -0.0000   1.0000  -0.0000   0.0000  -0.0000  -0.0000  -0.0000   0.0000  -0.0000  -0.0000   0.0000  -0.0000   0.0001
   0.0144  -0.0000  -0.0017  -0.0000   1.0000   0.0004   0.0185   0.0126  -0.0028   0.0262   0.0000  -0.0000  -0.0119   0.0000  -0.0000
   0.0012  -0.0000  -0.0001   0.0000   0.0004   1.0000  -0.0086   0.0010   0.0002   0.0004   0.0000  -0.0002  -0.0067   0.0000  -0.0000
   0.2522  -0.0007  -0.0289  -0.0000   0.0185  -0.0086   1.0000   0.2208   0.0248   0.1028   0.0000   0.0000  -0.0597   0.0003  -0.0007
   0.5198  -0.0916   0.0016  -0.0000   0.0126   0.0010   0.2208   1.0000   0.0411  -0.0576   0.0024  -0.0000  -0.2551   0.0387  -0.0885
   0.0470  -0.0001  -0.0054  -0.0000  -0.0028   0.0002   0.0248   0.0411   1.0000   0.0156   0.0000  -0.0000  -0.0212   0.0001  -0.0001
  -0.0656   0.0001   0.0076   0.0000   0.0262   0.0004   0.1028  -0.0576   0.0156   1.0000  -0.0000   0.0000   0.0733  -0.0001   0.0001
   0.0000  -0.0258   0.0175  -0.0000   0.0000   0.0000   0.0000   0.0024   0.0000  -0.0000   1.0000  -0.0000  -0.0000   0.0717  -0.0556
  -0.0000   0.0000   0.0000  -0.0000  -0.0000  -0.0002   0.0000  -0.0000  -0.0000   0.0000  -0.0000   1.0000   0.0000  -0.0000   0.0000
  -0.2909   0.0007   0.0336   0.0000  -0.0119  -0.0067  -0.0597  -0.2551  -0.0212   0.0733  -0.0000   0.0000   1.0000  -0.0003   0.0007
   0.0006  -0.4152   0.2822  -0.0000   0.0000   0.0000   0.0003   0.0387   0.0001  -0.0001   0.0717  -0.0000  -0.0003   1.0000  -0.3854
  -0.0014   0.9501  -0.6457   0.0001  -0.0000  -0.0000  -0.0007  -0.0885  -0.0001   0.0001  -0.0556   0.0000   0.0007  -0.3854   1.0000
