
  RooFitResult: minimized FCN value: -524068, estimated distance to minimum: 4.58439e-06
                covariance matrix quality: Full, accurate covariance matrix
                Status : MIGRAD=4 HESSE=0 MINOS=0 

    Constant Parameter    Value     
  --------------------  ------------
              peakFail    9.1188e+01

    Floating Parameter  InitialValue    FinalValue (+HiError,-LoError)    GblCorr.
  --------------------  ------------  ----------------------------------  --------
              NbkgFail    5.4600e+01    3.7094e+02         +/-  3.05e+01  <none>
              NbkgPass    5.0000e+01    1.6344e+03         +/-  1.32e+02  <none>
                  Nsig    6.5113e+04    7.9386e+04         +/-  3.09e+02  <none>
                 aPass    0.0000e+00    9.9934e+00         +/-  1.53e+01  <none>
              alfaFail    7.5000e+01    8.0000e+01         +/-  5.00e-01  <none>
              betaFail    5.0000e-02    5.7426e-02         +/-  8.57e-03  <none>
                   eff    8.0000e-01    9.9779e-01 (+3.21e-04,-3.37e-04)  <none>
             gammaFail    1.0000e-01    1.0675e-13         +/-  8.60e-04  <none>
              meanFail    0.0000e+00    3.9354e-01         +/-  5.14e-01  <none>
              meanPass    0.0000e+00   -9.3021e-02         +/-  1.37e-02  <none>
             sigmaFail    2.0000e+00    1.1531e+00         +/-  6.10e-01  <none>
             sigmaPass    2.0000e+00    7.2961e-01         +/-  4.41e-02  <none>
                 tPass   -1.0000e-06   -1.5978e-11         +/-  3.21e-03  <none>


  Correlation Matrix
 --------------------
   1.0000   0.0006   0.0580  -0.0000  -0.0140  -0.2300  -0.6791  -0.0327   0.1983   0.0000  -0.3228  -0.0001  -0.0002
   0.0006   1.0000  -0.3817  -0.0104  -0.0000  -0.0003  -0.0103  -0.0000   0.0001   0.0199  -0.0002  -0.1638  -0.3031
   0.0580  -0.3817   1.0000   0.0044  -0.0013  -0.0220  -0.0608  -0.0031   0.0189  -0.0084  -0.0308   0.0689   0.1273
  -0.0000  -0.0104   0.0044   1.0000   0.0000   0.0000   0.0001   0.0000  -0.0000   0.0007   0.0000   0.0016  -0.0057
  -0.0140  -0.0000  -0.0013   0.0000   1.0000   0.0650   0.0158  -0.0097   0.0233  -0.0000  -0.0005   0.0000   0.0000
  -0.2300  -0.0003  -0.0220   0.0000   0.0650   1.0000   0.2585   0.0497  -0.1397  -0.0000   0.0964   0.0000   0.0001
  -0.6791  -0.0103  -0.0608   0.0001   0.0158   0.2585   1.0000   0.0367  -0.2199  -0.0002   0.3579   0.0019   0.0034
  -0.0327  -0.0000  -0.0031   0.0000  -0.0097   0.0497   0.0367   1.0000   0.0118  -0.0000   0.0097   0.0000   0.0000
   0.1983   0.0001   0.0189  -0.0000   0.0233  -0.1397  -0.2199   0.0118   1.0000   0.0000  -0.4034  -0.0000  -0.0000
   0.0000   0.0199  -0.0084   0.0007  -0.0000  -0.0000  -0.0002  -0.0000   0.0000   1.0000  -0.0000   0.0357   0.0321
  -0.3228  -0.0002  -0.0308   0.0000  -0.0005   0.0964   0.3579   0.0097  -0.4034  -0.0000   1.0000   0.0000   0.0001
  -0.0001  -0.1638   0.0689   0.0016   0.0000   0.0000   0.0019   0.0000  -0.0000   0.0357   0.0000   1.0000   0.0382
  -0.0002  -0.3031   0.1273  -0.0057   0.0000   0.0001   0.0034   0.0000  -0.0000   0.0321   0.0001   0.0382   1.0000
