
  RooFitResult: minimized FCN value: -3.93068e+06, estimated distance to minimum: 0.0248012
                covariance matrix quality: Full, accurate covariance matrix
                Status : MIGRAD=4 HESSE=0 

    Constant Parameter    Value     
  --------------------  ------------
              peakFail    9.1188e+01

    Floating Parameter  InitialValue    FinalValue +/-  Error     GblCorr.
  --------------------  ------------  --------------------------  --------
              NbkgFail    3.2523e+02    3.2517e+02 +/-  3.24e+01  <none>
              NbkgPass    1.7713e+03    1.8126e+03 +/-  1.62e+02  <none>
                  Nsig    4.7003e+05    4.6996e+05 +/-  6.95e+02  <none>
                 aPass    2.7979e-01    1.8258e+00 +/-  4.77e-03  <none>
              alfaFail    7.6816e+01    7.6926e+01 +/-  3.64e+00  <none>
              betaFail    9.6880e-02    9.5930e-02 +/-  3.57e-02  <none>
                   eff    9.9806e-01    9.9806e-01 +/-  8.61e-05  <none>
             gammaFail    1.8436e-07    1.3214e-06 +/-  5.90e-03  <none>
              meanFail   -1.1039e+00   -1.1067e+00 +/-  2.47e-01  <none>
              meanPass   -5.4791e-01   -5.4807e-01 +/-  6.35e-03  <none>
             sigmaFail    1.0433e+00    1.0474e+00 +/-  3.76e-01  <none>
             sigmaPass    8.9242e-01    8.9146e-01 +/-  2.16e-02  <none>
                 tPass   -3.0106e-07   -5.5946e-08 +/-  9.41e-04  <none>


  Correlation Matrix
 --------------------
   1.0000  -0.0016  -0.0276  -0.0000   0.0665   0.0529   0.5537   0.2129   0.0468  -0.0000  -0.2536   0.0003   0.0005
  -0.0016   1.0000  -0.1947   0.0000  -0.0002  -0.0001  -0.0085  -0.0005  -0.0001   0.0091   0.0006  -0.1514  -0.3032
  -0.0276  -0.1947   1.0000  -0.0000  -0.0025  -0.0023  -0.0208  -0.0084  -0.0019  -0.0019   0.0104   0.0316   0.0630
  -0.0000   0.0000  -0.0000   1.0000  -0.0000  -0.0000  -0.0000  -0.0000  -0.0000  -0.0000   0.0000  -0.0000   0.0000
   0.0665  -0.0002  -0.0025  -0.0000   1.0000  -0.8981   0.0523   0.6073  -0.4440  -0.0000   0.2267   0.0000   0.0001
   0.0529  -0.0001  -0.0023  -0.0000  -0.8981   1.0000   0.0440  -0.4356   0.4630  -0.0000  -0.2614   0.0000   0.0000
   0.5537  -0.0085  -0.0208  -0.0000   0.0523   0.0440   1.0000   0.1706   0.0381  -0.0001  -0.2063   0.0014   0.0028
   0.2129  -0.0005  -0.0084  -0.0000   0.6073  -0.4356   0.1706   1.0000  -0.0660  -0.0000   0.0353   0.0001   0.0002
   0.0468  -0.0001  -0.0019  -0.0000  -0.4440   0.4630   0.0381  -0.0660   1.0000  -0.0000  -0.1967   0.0000   0.0000
  -0.0000   0.0091  -0.0019  -0.0000  -0.0000  -0.0000  -0.0001  -0.0000  -0.0000   1.0000   0.0000  -0.0274   0.0281
  -0.2536   0.0006   0.0104   0.0000   0.2267  -0.2614  -0.2063   0.0353  -0.1967   0.0000   1.0000  -0.0001  -0.0002
   0.0003  -0.1514   0.0316  -0.0000   0.0000   0.0000   0.0014   0.0001   0.0000  -0.0274  -0.0001   1.0000   0.0380
   0.0005  -0.3032   0.0630   0.0000   0.0001   0.0000   0.0028   0.0002   0.0000   0.0281  -0.0002   0.0380   1.0000
