
  RooFitResult: minimized FCN value: -200715, estimated distance to minimum: 0.000180544
                covariance matrix quality: Full matrix, but forced positive-definite
                Status : MIGRAD=0 HESSE=0 

    Constant Parameter    Value     
  --------------------  ------------
              peakFail    9.1188e+01

    Floating Parameter  InitialValue    FinalValue +/-  Error     GblCorr.
  --------------------  ------------  --------------------------  --------
              NbkgFail    9.5999e+01    9.6959e+01 +/-  1.35e+02  <none>
              NbkgPass    7.6078e+02    7.6211e+02 +/-  7.17e+01  <none>
                  Nsig    3.5152e+04    3.5150e+04 +/-  2.15e+02  <none>
                 aPass    3.7151e+00    9.8995e+00 +/-  1.52e+01  <none>
              alfaFail    8.0000e+01    8.0000e+01 +/-  2.80e+01  <none>
              betaFail    3.1920e-02    3.2176e-02 +/-  5.77e-02  <none>
                   eff    9.9765e-01    9.9767e-01 +/-  3.21e-03  <none>
             gammaFail    8.3971e-08    6.7049e-09 +/-  1.29e-01  <none>
              meanFail    6.8589e-01    6.3584e-01 +/-  5.93e+00  <none>
              meanPass   -2.5362e-01   -2.5355e-01 +/-  2.23e-02  <none>
             sigmaFail    3.6304e+00    3.5066e+00 +/-  3.09e+00  <none>
             sigmaPass    5.7386e-01    5.7595e-01 +/-  9.90e-02  <none>
                 tPass   -5.0549e-08   -4.0376e-09 +/-  1.64e-03  <none>


  Correlation Matrix
 --------------------
   1.0000  -0.0100  -0.4961   0.0001   0.8981  -0.9670   0.9935  -0.9898  -0.9795  -0.0003  -0.9845   0.0017   0.0002
  -0.0100   1.0000  -0.2524  -0.0043  -0.0091   0.0098  -0.0112   0.0100   0.0099   0.0274   0.0099  -0.1531  -0.0204
  -0.4961  -0.2524   1.0000   0.0012  -0.4487   0.4831  -0.4960   0.4945   0.4894  -0.0081   0.4919   0.0451   0.0060
   0.0001  -0.0043   0.0012   1.0000   0.0001  -0.0001   0.0001  -0.0001  -0.0001   0.0003  -0.0001   0.0007  -0.0001
   0.8981  -0.0091  -0.4487   0.0001   1.0000  -0.8790   0.8986  -0.9079  -0.8836  -0.0003  -0.8909   0.0015   0.0002
  -0.9670   0.0098   0.4831  -0.0001  -0.8790   1.0000  -0.9676   0.9846   0.9642   0.0003   0.9638  -0.0016  -0.0002
   0.9935  -0.0112  -0.4960   0.0001   0.8986  -0.9676   1.0000  -0.9903  -0.9800  -0.0003  -0.9851   0.0019   0.0003
  -0.9898   0.0100   0.4945  -0.0001  -0.9079   0.9846  -0.9903   1.0000   0.9839   0.0003   0.9841  -0.0016  -0.0002
  -0.9795   0.0099   0.4894  -0.0001  -0.8836   0.9642  -0.9800   0.9839   1.0000   0.0003   0.9798  -0.0016  -0.0002
  -0.0003   0.0274  -0.0081   0.0003  -0.0003   0.0003  -0.0003   0.0003   0.0003   1.0000   0.0003   0.0767   0.0016
  -0.9845   0.0099   0.4919  -0.0001  -0.8909   0.9638  -0.9851   0.9841   0.9798   0.0003   1.0000  -0.0015  -0.0002
   0.0017  -0.1531   0.0451   0.0007   0.0015  -0.0016   0.0019  -0.0016  -0.0016   0.0767  -0.0015   1.0000   0.0026
   0.0002  -0.0204   0.0060  -0.0001   0.0002  -0.0002   0.0003  -0.0002  -0.0002   0.0016  -0.0002   0.0026   1.0000
