
  RooFitResult: minimized FCN value: -13342.5, estimated distance to minimum: 0.000523684
                covariance matrix quality: Full, accurate covariance matrix
                Status : MIGRAD=0 HESSE=0 

    Constant Parameter    Value     
  --------------------  ------------
              peakFail    9.1188e+01

    Floating Parameter  InitialValue    FinalValue +/-  Error     GblCorr.
  --------------------  ------------  --------------------------  --------
              NbkgFail    1.3620e+02    1.3621e+02 +/-  8.74e+01  <none>
              NbkgPass    2.6501e+02    2.6501e+02 +/-  6.24e+01  <none>
                  Nsig    4.3708e+03    4.3708e+03 +/-  1.26e+02  <none>
                 aPass    1.0429e-03    1.0428e-03 +/-  7.89e-02  <none>
              alfaFail    8.4998e+01    8.4997e+01 +/-  2.44e+01  <none>
              betaFail    2.5102e-02    2.5093e-02 +/-  4.60e-02  <none>
                   eff    9.0303e-01    9.0304e-01 +/-  1.89e-02  <none>
             gammaFail    9.3360e-02    9.3359e-02 +/-  7.97e-02  <none>
              meanFail   -5.1538e-01   -5.1533e-01 +/-  9.61e-01  <none>
              meanPass   -7.8383e-01   -7.8383e-01 +/-  1.36e-01  <none>
             sigmaFail    1.0804e+00    1.0804e+00 +/-  7.47e-01  <none>
             sigmaPass    1.4226e+00    1.4226e+00 +/-  2.56e-01  <none>
                 tPass   -6.3983e-02   -6.3983e-02 +/-  6.78e-02  <none>


  Correlation Matrix
 --------------------
   1.0000  -0.0005  -0.6975   0.0000  -0.6808   0.8685   0.9607   0.8776  -0.1348  -0.0000  -0.1906   0.0002  -0.0001
  -0.0005   1.0000  -0.4621   0.0654   0.0003  -0.0004  -0.0688  -0.0004   0.0001   0.0665   0.0001  -0.3588   0.0378
  -0.6975  -0.4621   1.0000  -0.0325   0.4831  -0.6163  -0.6479  -0.6228   0.0957  -0.0329   0.1353   0.1779  -0.0187
   0.0000   0.0654  -0.0325   1.0000  -0.0000   0.0000  -0.0048   0.0000  -0.0000   0.0144  -0.0000  -0.0071  -0.9790
  -0.6808   0.0003   0.4831  -0.0000   1.0000  -0.7233  -0.6654  -0.8374   0.2757   0.0000   0.2917  -0.0001   0.0001
   0.8685  -0.0004  -0.6163   0.0000  -0.7233   1.0000   0.8488   0.9693  -0.3603  -0.0000  -0.3840   0.0002  -0.0001
   0.9607  -0.0688  -0.6479  -0.0048  -0.6654   0.8488   1.0000   0.8578  -0.1318  -0.0049  -0.1863   0.0265  -0.0028
   0.8776  -0.0004  -0.6228   0.0000  -0.8374   0.9693   0.8578   1.0000  -0.2819  -0.0000  -0.3215   0.0002  -0.0001
  -0.1348   0.0001   0.0957  -0.0000   0.2757  -0.3603  -0.1318  -0.2819   1.0000   0.0000   0.7888  -0.0000   0.0000
  -0.0000   0.0665  -0.0329   0.0144   0.0000  -0.0000  -0.0049  -0.0000   0.0000   1.0000   0.0000  -0.0817  -0.0422
  -0.1906   0.0001   0.1353  -0.0000   0.2917  -0.3840  -0.1863  -0.3215   0.7888   0.0000   1.0000  -0.0000   0.0000
   0.0002  -0.3588   0.1779  -0.0071  -0.0001   0.0002   0.0265   0.0002  -0.0000  -0.0817  -0.0000   1.0000  -0.0591
  -0.0001   0.0378  -0.0187  -0.9790   0.0001  -0.0001  -0.0028  -0.0001   0.0000  -0.0422   0.0000  -0.0591   1.0000
