
  RooFitResult: minimized FCN value: -783850, estimated distance to minimum: 0.0640226
                covariance matrix quality: Full matrix, but forced positive-definite
                Status : MIGRAD=4 HESSE=0 MINOS=0 

    Constant Parameter    Value     
  --------------------  ------------
              peakFail    9.1188e+01

    Floating Parameter  InitialValue    FinalValue (+HiError,-LoError)    GblCorr.
  --------------------  ------------  ----------------------------------  --------
              NbkgFail    5.3900e+01    3.2685e+02         +/-  2.14e+01  <none>
              NbkgPass    5.0000e+01    2.0393e+03         +/-  1.87e+03  <none>
                  Nsig    9.1018e+04    1.1141e+05         +/-  1.46e+03  <none>
                 aPass    0.0000e+00    3.9692e-01         +/-  7.93e-01  <none>
              alfaFail    6.0000e+01    8.0000e+01         +/-  8.92e-01  <none>
              betaFail    5.0000e-02    4.3495e-02         +/-  7.68e-03  <none>
                   eff    8.0000e-01    9.9810e-01 (+2.37e-04,-2.53e-04)  <none>
             gammaFail    1.0000e-01    4.2703e-10         +/-  3.85e-04  <none>
              meanFail    0.0000e+00    1.5554e-01         +/-  4.77e-01  <none>
              meanPass    0.0000e+00   -2.3156e-02         +/-  8.70e-03  <none>
             sigmaFail    2.0000e+00    7.5365e-01         +/-  9.81e-01  <none>
             sigmaPass    2.0000e+00    2.3002e-01         +/-  6.41e-02  <none>
                 tPass   -1.0000e-06   -1.0390e-08         +/-  2.74e-02  <none>


  Correlation Matrix
 --------------------
   1.0000  -0.0197   0.0134   0.0113   0.1136   0.0086   0.4900  -0.2352   0.2290   0.0064   0.3140   0.0164   0.0197
  -0.0197   1.0000  -0.9803  -0.5705  -0.0051  -0.0003  -0.1742   0.0105  -0.0103  -0.3235  -0.0141  -0.8288  -0.9981
   0.0134  -0.9803   1.0000   0.5596   0.0035   0.0002   0.1643  -0.0071   0.0069   0.3173   0.0095   0.8130   0.9790
   0.0113  -0.5705   0.5596   1.0000   0.0029   0.0002   0.0995  -0.0060   0.0059   0.1814   0.0080   0.4735   0.5772
   0.1136  -0.0051   0.0035   0.0029   1.0000   0.1134   0.1269  -0.3800   0.1224   0.0017   0.1389   0.0042   0.0051
   0.0086  -0.0003   0.0002   0.0002   0.1134   1.0000   0.0095  -0.6088   0.0711   0.0001   0.0838   0.0003   0.0003
   0.4900  -0.1742   0.1643   0.0995   0.1269   0.0095   1.0000  -0.2626   0.2556   0.0564   0.3506   0.1445   0.1740
  -0.2352   0.0105  -0.0071  -0.0060  -0.3800  -0.6088  -0.2626   1.0000  -0.2337  -0.0034  -0.3177  -0.0087  -0.0105
   0.2290  -0.0103   0.0069   0.0059   0.1224   0.0711   0.2556  -0.2337   1.0000   0.0033   0.8042   0.0085   0.0102
   0.0064  -0.3235   0.3173   0.1814   0.0017   0.0001   0.0564  -0.0034   0.0033   1.0000   0.0046   0.3086   0.3250
   0.3140  -0.0141   0.0095   0.0080   0.1389   0.0838   0.3506  -0.3177   0.8042   0.0046   1.0000   0.0117   0.0141
   0.0164  -0.8288   0.8130   0.4735   0.0042   0.0003   0.1445  -0.0087   0.0085   0.3086   0.0117   1.0000   0.8275
   0.0197  -0.9981   0.9790   0.5772   0.0051   0.0003   0.1740  -0.0105   0.0102   0.3250   0.0141   0.8275   1.0000
