
  RooFitResult: minimized FCN value: -389046, estimated distance to minimum: 0.00223034
                covariance matrix quality: Full, accurate covariance matrix
                Status : MIGRAD=4 HESSE=0 MINOS=0 

    Constant Parameter    Value     
  --------------------  ------------
              peakFail    9.1188e+01

    Floating Parameter  InitialValue    FinalValue (+HiError,-LoError)    GblCorr.
  --------------------  ------------  ----------------------------------  --------
              NbkgFail    1.6910e+02    7.1189e+02         +/-  1.71e+02  <none>
              NbkgPass    5.0000e+01    3.0226e+02         +/-  5.97e+01  <none>
                  Nsig    5.0598e+04    6.2239e+04         +/-  3.05e+02  <none>
                 aPass    0.0000e+00    1.7851e+00         +/-  3.06e-03  <none>
              alfaFail    6.5000e+01    8.5000e+01         +/-  8.97e-02  <none>
              betaFail    5.0000e-02    2.0000e-01         +/-  4.18e-03  <none>
                   eff    8.0000e-01    9.8427e-01 (+3.07e-03,-2.81e-03)  <none>
             gammaFail    1.0000e-01    1.6371e-01         +/-  1.32e-02  <none>
              meanFail    0.0000e+00   -5.7911e-01         +/-  6.51e-01  <none>
              meanPass    0.0000e+00   -1.2025e-01         +/-  1.92e-02  <none>
             sigmaFail    2.0000e+00    2.6519e+00         +/-  5.51e-01  <none>
             sigmaPass    2.0000e+00    1.2358e+00         +/-  5.17e-02  <none>
                 tPass   -1.0000e-06   -5.5529e-07         +/-  1.21e-03  <none>


  Correlation Matrix
 --------------------
   1.0000  -0.0071  -0.5354  -0.0000  -0.0326   0.0220   0.9712  -0.5444  -0.8019   0.0000   0.5104   0.0013   0.0004
  -0.0071   1.0000  -0.1734   0.0000   0.0002  -0.0002  -0.0122   0.0040   0.0059  -0.0013  -0.0037  -0.1730  -0.0530
  -0.5354  -0.1734   1.0000  -0.0000   0.0179  -0.0120  -0.5320   0.2988   0.4401   0.0002  -0.2801   0.0327   0.0100
  -0.0000   0.0000  -0.0000   1.0000   0.0000  -0.0000  -0.0000   0.0000   0.0000  -0.0000  -0.0000  -0.0000   0.0000
  -0.0326   0.0002   0.0179   0.0000   1.0000  -0.0014  -0.0325  -0.0326   0.0390  -0.0000  -0.0262  -0.0000  -0.0000
   0.0220  -0.0002  -0.0120  -0.0000  -0.0014   1.0000   0.0218  -0.0399   0.0093   0.0000  -0.0092   0.0000   0.0000
   0.9712  -0.0122  -0.5320  -0.0000  -0.0325   0.0218   1.0000  -0.5419  -0.7983   0.0000   0.5080   0.0023   0.0007
  -0.5444   0.0040   0.2988   0.0000  -0.0326  -0.0399  -0.5419   1.0000   0.7448  -0.0000  -0.0073  -0.0008  -0.0002
  -0.8019   0.0059   0.4401   0.0000   0.0390   0.0093  -0.7983   0.7448   1.0000  -0.0000  -0.2431  -0.0011  -0.0003
   0.0000  -0.0013   0.0002  -0.0000  -0.0000   0.0000   0.0000  -0.0000  -0.0000   1.0000   0.0000  -0.0938   0.0090
   0.5104  -0.0037  -0.2801  -0.0000  -0.0262  -0.0092   0.5080  -0.0073  -0.2431   0.0000   1.0000   0.0007   0.0002
   0.0013  -0.1730   0.0327  -0.0000  -0.0000   0.0000   0.0023  -0.0008  -0.0011  -0.0938   0.0007   1.0000   0.0060
   0.0004  -0.0530   0.0100   0.0000  -0.0000   0.0000   0.0007  -0.0002  -0.0003   0.0090   0.0002   0.0060   1.0000
