
  RooFitResult: minimized FCN value: -36520.7, estimated distance to minimum: 3.64451e-06
                covariance matrix quality: Full, accurate covariance matrix
                Status : MIGRAD=4 HESSE=0 MINOS=0 

    Constant Parameter    Value     
  --------------------  ------------
              peakFail    9.1188e+01

    Floating Parameter  InitialValue    FinalValue (+HiError,-LoError)    GblCorr.
  --------------------  ------------  ----------------------------------  --------
              NbkgFail    9.9000e+00    6.7229e+01         +/-  1.54e+01  <none>
              NbkgPass    5.0000e+01    1.5757e+02         +/-  4.56e+01  <none>
                  Nsig    6.9176e+03    8.4222e+03         +/-  1.02e+02  <none>
                 aPass    0.0000e+00    9.9935e+00         +/-  1.07e+01  <none>
              alfaFail    6.0000e+01    8.0000e+01         +/-  2.31e+01  <none>
              betaFail    5.0000e-02    3.6095e-02         +/-  1.67e-02  <none>
                   eff    8.0000e-01    9.9623e-01 (+2.01e-03,-1.80e-03)  <none>
             gammaFail    1.0000e-01    1.4540e-09         +/-  2.00e-02  <none>
              meanFail    0.0000e+00    6.3684e-01         +/-  2.48e+00  <none>
              meanPass    0.0000e+00    6.1782e-02         +/-  3.94e-02  <none>
             sigmaFail    2.0000e+00    4.8266e+00         +/-  4.70e+00  <none>
             sigmaPass    2.0000e+00    7.2501e-01         +/-  1.09e-01  <none>
                 tPass   -1.0000e-06   -1.6021e-02         +/-  1.19e-02  <none>


  Correlation Matrix
 --------------------
   1.0000  -0.0008  -0.1110   0.0000   0.0672   0.4302   0.7867   0.1005  -0.2048   0.0000  -0.2661   0.0002  -0.0004
  -0.0008   1.0000  -0.4077  -0.0047  -0.0001  -0.0005  -0.0117  -0.0001   0.0002  -0.0116   0.0003  -0.2199   0.4911
  -0.1110  -0.4077   1.0000   0.0021  -0.0103  -0.0657  -0.1155  -0.0153   0.0314   0.0051   0.0408   0.0970  -0.2163
   0.0000  -0.0047   0.0021   1.0000   0.0000   0.0000   0.0001   0.0000  -0.0000  -0.0004  -0.0000   0.0011   0.0239
   0.0672  -0.0001  -0.0103   0.0000   1.0000   0.2406   0.0728  -0.0415   0.0747   0.0000  -0.0123   0.0000  -0.0000
   0.4302  -0.0005  -0.0657   0.0000   0.2406   1.0000   0.4659   0.2059  -0.1765   0.0000  -0.0806   0.0001  -0.0003
   0.7867  -0.0117  -0.1155   0.0001   0.0728   0.4659   1.0000   0.1089  -0.2217   0.0001  -0.2879   0.0028  -0.0062
   0.1005  -0.0001  -0.0153   0.0000  -0.0415   0.2059   0.1089   1.0000   0.0499   0.0000  -0.0234   0.0000  -0.0001
  -0.2048   0.0002   0.0314  -0.0000   0.0747  -0.1765  -0.2217   0.0499   1.0000  -0.0000   0.2308  -0.0000   0.0001
   0.0000  -0.0116   0.0051  -0.0004   0.0000   0.0000   0.0001   0.0000  -0.0000   1.0000  -0.0000  -0.0601  -0.0615
  -0.2661   0.0003   0.0408  -0.0000  -0.0123  -0.0806  -0.2879  -0.0234   0.2308  -0.0000   1.0000  -0.0001   0.0001
   0.0002  -0.2199   0.0970   0.0011   0.0000   0.0001   0.0028   0.0000  -0.0000  -0.0601  -0.0001   1.0000  -0.0533
  -0.0004   0.4911  -0.2163   0.0239  -0.0000  -0.0003  -0.0062  -0.0001   0.0001  -0.0615   0.0001  -0.0533   1.0000
