
  RooFitResult: minimized FCN value: -5.3066e+06, estimated distance to minimum: 0.0103811
                covariance matrix quality: Full matrix, but forced positive-definite
                Status : MIGRAD=4 HESSE=0 MINOS=0 

    Constant Parameter    Value     
  --------------------  ------------
              peakFail    9.1188e+01

    Floating Parameter  InitialValue    FinalValue +/-  Error     GblCorr.
  --------------------  ------------  --------------------------  --------
              NbkgFail    9.7100e+01    3.6695e+02 +/-  5.14e+01  <none>
              NbkgPass    5.0000e+01    1.8795e+03 +/-  1.66e+02  <none>
                  Nsig    4.9397e+05    6.1521e+05 +/-  7.34e+02  <none>
                 aPass    0.0000e+00    1.3330e+00 +/-  2.90e-03  <none>
              alfaFail    6.0000e+01    7.7464e+01 +/-  2.87e+01  <none>
              betaFail    5.0000e-02    5.4717e-02 +/-  5.33e-02  <none>
                   eff    8.0000e-01    9.9902e-01 +/-  8.65e-05  <none>
             gammaFail    1.0000e-01    5.7261e-07 +/-  6.68e-01  <none>
              meanFail    0.0000e+00   -7.1865e-01 +/-  4.79e-01  <none>
              meanPass    0.0000e+00   -4.3439e-01 +/-  5.21e-03  <none>
             sigmaFail    2.0000e+00    1.1226e+00 +/-  5.02e-01  <none>
             sigmaPass    2.0000e+00    9.6234e-01 +/-  1.68e-02  <none>
                 tPass   -1.0000e-06   -4.3869e-07 +/-  7.72e-04  <none>


  Correlation Matrix
 --------------------
   1.0000  -0.0034  -0.0484  -0.0000  -0.8339  -0.7862   0.8407   0.8456  -0.6878  -0.0000  -0.4251   0.0005   0.0011
  -0.0034   1.0000  -0.1594   0.0000   0.0032   0.0031  -0.0058  -0.0033   0.0027   0.0062   0.0016  -0.1311  -0.3051
  -0.0484  -0.1594   1.0000  -0.0000   0.0463   0.0437  -0.0463  -0.0470   0.0382  -0.0011   0.0238   0.0223   0.0518
  -0.0000   0.0000  -0.0000   1.0000   0.0000   0.0000  -0.0000  -0.0000   0.0000  -0.0000   0.0000  -0.0000   0.0000
  -0.8339   0.0032   0.0463   0.0000   1.0000   0.9821  -0.8051  -0.9959   0.8555   0.0000   0.3577  -0.0005  -0.0011
  -0.7862   0.0031   0.0437   0.0000   0.9821   1.0000  -0.7591  -0.9710   0.8588   0.0000   0.3460  -0.0004  -0.0010
   0.8407  -0.0058  -0.0463  -0.0000  -0.8051  -0.7591   1.0000   0.8164  -0.6641  -0.0000  -0.4111   0.0008   0.0019
   0.8456  -0.0033  -0.0470  -0.0000  -0.9959  -0.9710   0.8164   1.0000  -0.8405  -0.0000  -0.3662   0.0005   0.0011
  -0.6878   0.0027   0.0382   0.0000   0.8555   0.8588  -0.6641  -0.8405   1.0000   0.0000   0.2574  -0.0004  -0.0009
  -0.0000   0.0062  -0.0011  -0.0000   0.0000   0.0000  -0.0000  -0.0000   0.0000   1.0000   0.0000  -0.0418   0.0263
  -0.4251   0.0016   0.0238   0.0000   0.3577   0.3460  -0.4111  -0.3662   0.2574   0.0000   1.0000  -0.0002  -0.0005
   0.0005  -0.1311   0.0223  -0.0000  -0.0005  -0.0004   0.0008   0.0005  -0.0004  -0.0418  -0.0002   1.0000   0.0314
   0.0011  -0.3051   0.0518   0.0000  -0.0011  -0.0010   0.0019   0.0011  -0.0009   0.0263  -0.0005   0.0314   1.0000
