
  RooFitResult: minimized FCN value: -1.41129e+07, estimated distance to minimum: 0.00495054
                covariance matrix quality: Full matrix, but forced positive-definite
                Status : MIGRAD=0 HESSE=0 

    Constant Parameter    Value     
  --------------------  ------------
              peakFail    9.1188e+01

    Floating Parameter  InitialValue    FinalValue +/-  Error     GblCorr.
  --------------------  ------------  --------------------------  --------
              NbkgFail    5.6950e+02    5.6950e+02 +/-  2.22e+01  <none>
              NbkgPass    4.0553e+03    4.0537e+03 +/-  2.85e+03  <none>
                  Nsig    1.4586e+06    1.4586e+06 +/-  1.35e+03  <none>
                 aPass    9.9999e+00    1.0000e+01 +/-  1.66e+01  <none>
              alfaFail    8.0000e+01    8.0000e+01 +/-  2.52e-01  <none>
              betaFail    5.2258e-02    5.2269e-02 +/-  4.49e-03  <none>
                   eff    9.9807e-01    9.9807e-01 +/-  2.35e-05  <none>
             gammaFail    5.4703e-09    4.9453e-08 +/-  9.13e-05  <none>
              meanFail   -1.6007e-01   -1.5999e-01 +/-  4.67e-02  <none>
              meanPass   -1.3483e-01   -1.3483e-01 +/-  1.59e-03  <none>
             sigmaFail    9.6233e-01    9.6225e-01 +/-  8.78e-02  <none>
             sigmaPass    3.2857e-01    3.2857e-01 +/-  1.03e-02  <none>
                 tPass   -7.8337e-12   -1.4392e-09 +/-  1.37e-02  <none>


  Correlation Matrix
 --------------------
   1.0000  -0.0008  -0.0029   0.0001   0.0371   0.0354   0.1550  -0.0964  -0.0110  -0.0001  -0.0638   0.0005   0.0008
  -0.0008   1.0000  -0.8452  -0.0696  -0.0001  -0.0000  -0.0693   0.0002  -0.0000   0.0722   0.0011  -0.5611  -0.9986
  -0.0029  -0.8452   1.0000   0.0589  -0.0003  -0.0003   0.0569   0.0008   0.0001  -0.0610  -0.0003   0.4745   0.8444
   0.0001  -0.0696   0.0589   1.0000   0.0000   0.0000   0.0048  -0.0000   0.0000  -0.0048  -0.0001   0.0390   0.0695
   0.0371  -0.0001  -0.0003   0.0000   1.0000   0.0316   0.0164  -0.1904   0.0257  -0.0000  -0.0164   0.0001   0.0001
   0.0354  -0.0000  -0.0003   0.0000   0.0316   1.0000   0.0157   0.3511  -0.0207  -0.0000   0.0271   0.0000   0.0000
   0.1550  -0.0693   0.0569   0.0048   0.0164   0.0157   1.0000  -0.0428  -0.0049  -0.0050  -0.0288   0.0390   0.0692
  -0.0964   0.0002   0.0008  -0.0000  -0.1904   0.3511  -0.0428   1.0000   0.0302   0.0000   0.0216  -0.0001  -0.0002
  -0.0110  -0.0000   0.0001   0.0000   0.0257  -0.0207  -0.0049   0.0302   1.0000  -0.0000  -0.0351  -0.0000   0.0000
  -0.0001   0.0722  -0.0610  -0.0048  -0.0000  -0.0000  -0.0050   0.0000  -0.0000   1.0000   0.0001  -0.0286  -0.0721
  -0.0638   0.0011  -0.0003  -0.0001  -0.0164   0.0271  -0.0288   0.0216  -0.0351   0.0001   1.0000  -0.0004  -0.0011
   0.0005  -0.5611   0.4745   0.0390   0.0001   0.0000   0.0390  -0.0001  -0.0000  -0.0286  -0.0004   1.0000   0.5606
   0.0008  -0.9986   0.8444   0.0695   0.0001   0.0000   0.0692  -0.0002   0.0000  -0.0721  -0.0011   0.5606   1.0000
