
  RooFitResult: minimized FCN value: -131466, estimated distance to minimum: 0.000394458
                covariance matrix quality: Full, accurate covariance matrix
                Status : MIGRAD=0 HESSE=0 

    Constant Parameter    Value     
  --------------------  ------------
              peakFail    9.1188e+01

    Floating Parameter  InitialValue    FinalValue +/-  Error     GblCorr.
  --------------------  ------------  --------------------------  --------
              NbkgFail    3.8274e+01    3.8138e+01 +/-  1.83e+01  <none>
              NbkgPass    2.5315e+02    2.5873e+02 +/-  1.16e+02  <none>
                  Nsig    2.8114e+04    2.8116e+04 +/-  2.04e+02  <none>
                 aPass    7.9049e-01    7.9051e-01 +/-  1.44e+01  <none>
              alfaFail    7.4153e+01    7.5716e+01 +/-  2.66e+01  <none>
              betaFail    1.2406e-01    1.9995e-01 +/-  4.38e-02  <none>
                   eff    8.6618e-01    8.6615e-01 +/-  2.17e-03  <none>
             gammaFail    1.0697e-04    1.0192e-06 +/-  1.76e-02  <none>
              meanFail   -3.5383e-01   -3.5894e-01 +/-  1.45e-01  <none>
              meanPass   -6.6079e-01   -6.5948e-01 +/-  5.71e-02  <none>
             sigmaFail    2.0459e+00    2.0463e+00 +/-  3.94e-01  <none>
             sigmaPass    1.3023e+00    1.3001e+00 +/-  1.48e-01  <none>
                 tPass   -5.0841e-02   -5.1757e-02 +/-  1.63e-02  <none>


  Correlation Matrix
 --------------------
   1.0000  -0.0002  -0.0793  -0.0000  -0.7011   0.0158   0.2304  -0.2867  -0.1802  -0.0001  -0.3734   0.0001   0.0001
  -0.0002   1.0000  -0.5578   0.0185   0.0002  -0.0000  -0.2501   0.0001   0.0000   0.2661   0.0001  -0.3651  -0.3194
  -0.0793  -0.5578   1.0000  -0.0105   0.0627  -0.0014   0.1216   0.0257   0.0161  -0.1513   0.0334   0.2076   0.1816
  -0.0000   0.0185  -0.0105   1.0000   0.0000  -0.0000  -0.0047   0.0000   0.0000   0.0024   0.0000  -0.0033  -0.1328
  -0.7011   0.0002   0.0627   0.0000   1.0000  -0.0296  -0.1823   0.6560   0.0879   0.0000   0.3683  -0.0001  -0.0001
   0.0158  -0.0000  -0.0014  -0.0000  -0.0296   1.0000   0.0041  -0.0305   0.0026  -0.0000  -0.0136   0.0000   0.0000
   0.2304  -0.2501   0.1216  -0.0047  -0.1823   0.0041   1.0000  -0.0746  -0.0469  -0.0678  -0.0971   0.0931   0.0814
  -0.2867   0.0001   0.0257   0.0000   0.6560  -0.0305  -0.0746   1.0000   0.0073   0.0000   0.5013  -0.0000  -0.0000
  -0.1802   0.0000   0.0161   0.0000   0.0879   0.0026  -0.0469   0.0073   1.0000   0.0000   0.0638  -0.0000  -0.0000
  -0.0001   0.2661  -0.1513   0.0024   0.0000  -0.0000  -0.0678   0.0000   0.0000   1.0000   0.0000  -0.2914  -0.3009
  -0.3734   0.0001   0.0334   0.0000   0.3683  -0.0136  -0.0971   0.5013   0.0638   0.0000   1.0000  -0.0000  -0.0000
   0.0001  -0.3651   0.2076  -0.0033  -0.0001   0.0000   0.0931  -0.0000  -0.0000  -0.2914  -0.0000   1.0000   0.0475
   0.0001  -0.3194   0.1816  -0.1328  -0.0001   0.0000   0.0814  -0.0000  -0.0000  -0.3009  -0.0000   0.0475   1.0000
