
  RooFitResult: minimized FCN value: -102178, estimated distance to minimum: 1.96599e-06
                covariance matrix quality: Full, accurate covariance matrix
                Status : MIGRAD=4 HESSE=0 MINOS=0 

    Constant Parameter    Value     
  --------------------  ------------
              peakFail    9.1188e+01

    Floating Parameter  InitialValue    FinalValue (+HiError,-LoError)    GblCorr.
  --------------------  ------------  ----------------------------------  --------
              NbkgFail    4.6600e+01    1.0003e-02         +/-  6.85e+00  <none>
              NbkgPass    5.0000e+01    8.4836e+01         +/-  4.30e+01  <none>
                  Nsig    1.6814e+04    2.0933e+04         +/-  1.49e+02  <none>
                 aPass    0.0000e+00    9.5054e+00         +/-  4.34e+00  <none>
              alfaFail    6.5000e+01    8.4996e+01         +/-  8.00e+00  <none>
              betaFail    5.0000e-02    9.8273e-02         +/-  8.40e-02  <none>
                   eff    8.0000e-01    9.7774e-01 (+1.01e-03,-1.04e-03)  <none>
             gammaFail    1.0000e-01    1.1302e-02         +/-  5.76e-01  <none>
              meanFail    0.0000e+00    1.1095e+00         +/-  3.80e-01  <none>
              meanPass    0.0000e+00    1.9077e-01         +/-  3.75e-02  <none>
             sigmaFail    2.0000e+00    1.5565e+00         +/-  3.37e-01  <none>
             sigmaPass    2.0000e+00    1.3818e+00         +/-  8.86e-02  <none>
                 tPass   -1.0000e-06   -5.7954e-02         +/-  3.51e-02  <none>


  Correlation Matrix
 --------------------
   1.0000  -0.0001  -0.0091   0.0000   0.0104   0.0133   0.0639   0.2836  -0.0196  -0.0000  -0.0107   0.0000  -0.0001
  -0.0001   1.0000  -0.2688  -0.0000  -0.0000  -0.0000  -0.0425  -0.0000   0.0000   0.0928   0.0000  -0.1750   0.8879
  -0.0091  -0.2688   1.0000   0.0000  -0.0001  -0.0001   0.0114  -0.0026   0.0002  -0.0261   0.0001   0.0493  -0.2501
   0.0000  -0.0000   0.0000   1.0000   0.0000   0.0000   0.0000   0.0000  -0.0000  -0.0000  -0.0000   0.0000   0.0002
   0.0104  -0.0000  -0.0001   0.0000   1.0000   0.0002   0.0007   0.0029  -0.0002  -0.0000  -0.0001   0.0000  -0.0000
   0.0133  -0.0000  -0.0001   0.0000   0.0002   1.0000   0.0009   0.0041  -0.0003  -0.0000  -0.0001   0.0000  -0.0000
   0.0639  -0.0425   0.0114   0.0000   0.0007   0.0009   1.0000   0.0182  -0.0013  -0.0041  -0.0007   0.0078  -0.0396
   0.2836  -0.0000  -0.0026   0.0000   0.0029   0.0041   0.0182   1.0000  -0.0054  -0.0000  -0.0029   0.0000  -0.0000
  -0.0196   0.0000   0.0002  -0.0000  -0.0002  -0.0003  -0.0013  -0.0054   1.0000   0.0000   0.1732  -0.0000   0.0000
  -0.0000   0.0928  -0.0261  -0.0000  -0.0000  -0.0000  -0.0041  -0.0000   0.0000   1.0000   0.0000   0.0223   0.0659
  -0.0107   0.0000   0.0001  -0.0000  -0.0001  -0.0001  -0.0007  -0.0029   0.1732   0.0000   1.0000  -0.0000   0.0000
   0.0000  -0.1750   0.0493   0.0000   0.0000   0.0000   0.0078   0.0000  -0.0000   0.0223  -0.0000   1.0000  -0.1283
  -0.0001   0.8879  -0.2501   0.0002  -0.0000  -0.0000  -0.0396  -0.0000   0.0000   0.0659   0.0000  -0.1283   1.0000
