
  RooFitResult: minimized FCN value: -92678.3, estimated distance to minimum: 0.000315238
                covariance matrix quality: Full, accurate covariance matrix
                Status : MIGRAD=4 HESSE=0 MINOS=0 

    Constant Parameter    Value     
  --------------------  ------------
              peakFail    9.1188e+01

    Floating Parameter  InitialValue    FinalValue (+HiError,-LoError)    GblCorr.
  --------------------  ------------  ----------------------------------  --------
              NbkgFail    9.8300e+01    4.9751e+02         +/-  3.66e+01  <none>
              NbkgPass    5.0000e+01    1.6426e+03         +/-  1.02e+02  <none>
                  Nsig    1.6343e+04    1.8289e+04         +/-  1.67e+02  <none>
                 aPass    0.0000e+00    2.3942e-05         +/-  8.05e-03  <none>
              alfaFail    6.5000e+01    5.0004e+01         +/-  2.90e+01  <none>
              betaFail    5.0000e-02    4.4409e-05         +/-  1.43e-02  <none>
                   eff    8.0000e-01    9.7346e-01 (+1.91e-03,-1.99e-03)  <none>
             gammaFail    1.0000e-01    3.6095e-02         +/-  4.15e-03  <none>
              meanFail    0.0000e+00   -2.3463e+00         +/-  3.45e-01  <none>
              meanPass    0.0000e+00   -1.9600e+00         +/-  4.23e-02  <none>
             sigmaFail    2.0000e+00    1.0330e+00         +/-  4.49e-01  <none>
             sigmaPass    2.0000e+00    8.3751e-01         +/-  1.19e-01  <none>
                 tPass   -1.0000e-06   -4.4349e-02         +/-  8.61e-03  <none>


  Correlation Matrix
 --------------------
   1.0000   0.0006  -0.1369   0.0000   0.0006  -0.0045   0.6269  -0.3513  -0.0042  -0.0000  -0.2584   0.0002   0.0002
   0.0006   1.0000   0.5155   0.0468   0.0000  -0.0000   0.0645  -0.0004  -0.0000  -0.0282  -0.0002   0.2804   0.2713
  -0.1369   0.5155   1.0000   0.0286  -0.0001   0.0010  -0.0977   0.0765   0.0009  -0.0172   0.0564   0.1714   0.1659
   0.0000   0.0468   0.0286   1.0000  -0.0000   0.0000   0.0036  -0.0000  -0.0000  -0.0023  -0.0000   0.0158   0.8964
   0.0006   0.0000  -0.0001  -0.0000   1.0000  -0.1453   0.0006  -0.0397  -0.0000  -0.0000  -0.0004   0.0000  -0.0000
  -0.0045  -0.0000   0.0010   0.0000  -0.1453   1.0000  -0.0045   0.3249   0.0002   0.0000   0.0029  -0.0000  -0.0000
   0.6269   0.0645  -0.0977   0.0036   0.0006  -0.0045   1.0000  -0.3511  -0.0042  -0.0021  -0.2582   0.0214   0.0207
  -0.3513  -0.0004   0.0765  -0.0000  -0.0397   0.3249  -0.3511   1.0000   0.0663   0.0000   0.2706  -0.0001  -0.0001
  -0.0042  -0.0000   0.0009  -0.0000  -0.0000   0.0002  -0.0042   0.0663   1.0000   0.0000   0.0200  -0.0000  -0.0000
  -0.0000  -0.0282  -0.0172  -0.0023  -0.0000   0.0000  -0.0021   0.0000   0.0000   1.0000   0.0000  -0.0624   0.0150
  -0.2584  -0.0002   0.0564  -0.0000  -0.0004   0.0029  -0.2582   0.2706   0.0200   0.0000   1.0000  -0.0001  -0.0001
   0.0002   0.2804   0.1714   0.0158   0.0000  -0.0000   0.0214  -0.0001  -0.0000  -0.0624  -0.0001   1.0000   0.1309
   0.0002   0.2713   0.1659   0.8964  -0.0000  -0.0000   0.0207  -0.0001  -0.0000   0.0150  -0.0001   0.1309   1.0000
