
  RooFitResult: minimized FCN value: -277458, estimated distance to minimum: 0.00266103
                covariance matrix quality: Full matrix, but forced positive-definite
                Status : MIGRAD=4 HESSE=0 

    Constant Parameter    Value     
  --------------------  ------------
              peakFail    9.1188e+01

    Floating Parameter  InitialValue    FinalValue +/-  Error     GblCorr.
  --------------------  ------------  --------------------------  --------
              NbkgFail    5.7266e+02    5.5250e+02 +/-  4.85e-01  <none>
              NbkgPass    2.2342e+03    2.2346e+03 +/-  7.07e+00  <none>
                  Nsig    4.6751e+04    4.6768e+04 +/-  1.54e+01  <none>
                 aPass    1.1667e-03    7.9094e-04 +/-  3.98e-02  <none>
              alfaFail    5.9735e+01    6.2682e+01 +/-  8.98e-03  <none>
              betaFail    5.4990e-02    1.9991e-01 +/-  2.55e-06  <none>
                   eff    9.7586e-01    9.7544e-01 +/-  9.37e-05  <none>
             gammaFail    3.5296e-02    3.2922e-02 +/-  1.08e-04  <none>
              meanFail   -6.0221e-01   -6.2474e-01 +/-  6.04e-03  <none>
              meanPass   -4.8848e-01   -4.8829e-01 +/-  1.28e+01  <none>
             sigmaFail    8.9776e-01    8.1658e-01 +/-  1.12e-03  <none>
             sigmaPass    2.7099e-02    2.0881e-05 +/-  9.77e-06  <none>
                 tPass   -3.6891e-02   -3.6595e-02 +/-  7.33e-04  <none>


  Correlation Matrix
 --------------------
   1.0000  -0.0444  -0.0789  -0.0882  -0.0000   0.0002  -0.0092   0.0001  -0.0000   0.0884  -0.0000  -0.0683   0.0767
  -0.0444   1.0000   0.4488   0.5018  -0.0000  -0.0014   0.0574   0.0000  -0.0000  -0.5030  -0.0000   0.3890  -0.4367
  -0.0789   0.4488   1.0000   0.8911   0.0000  -0.0025   0.1026   0.0000  -0.0000  -0.8928  -0.0000   0.6905  -0.7749
  -0.0882   0.5018   0.8911   1.0000  -0.0000  -0.0028   0.1148   0.0000  -0.0000  -0.9981  -0.0000   0.7720  -0.8697
  -0.0000  -0.0000   0.0000  -0.0000   1.0000   0.0000  -0.0001   0.0001  -0.0000   0.0000  -0.0000  -0.0000   0.0000
   0.0002  -0.0014  -0.0025  -0.0028   0.0000   1.0000  -0.0003  -0.0000  -0.0000   0.0028  -0.0000  -0.0022   0.0024
  -0.0092   0.0574   0.1026   0.1148  -0.0001  -0.0003   1.0000   0.0003  -0.0001  -0.1150  -0.0000   0.0890  -0.0998
   0.0001   0.0000   0.0000   0.0000   0.0001  -0.0000   0.0003   1.0000   0.0001  -0.0000   0.0000   0.0000  -0.0000
  -0.0000  -0.0000  -0.0000  -0.0000  -0.0000  -0.0000  -0.0001   0.0001   1.0000   0.0000   0.0000  -0.0000   0.0000
   0.0884  -0.5030  -0.8928  -0.9981   0.0000   0.0028  -0.1150  -0.0000   0.0000   1.0000   0.0000  -0.7734   0.8680
  -0.0000  -0.0000  -0.0000  -0.0000  -0.0000  -0.0000  -0.0000   0.0000   0.0000   0.0000   1.0000  -0.0000   0.0000
  -0.0683   0.3890   0.6905   0.7720  -0.0000  -0.0022   0.0890   0.0000  -0.0000  -0.7734  -0.0000   1.0000  -0.6713
   0.0767  -0.4367  -0.7749  -0.8697   0.0000   0.0024  -0.0998  -0.0000   0.0000   0.8680   0.0000  -0.6713   1.0000
